it,start,end,latency,execution,sol
1,0,65339,65339,79769,1
2,14553,116325,101772,80539,1
3,44137,151945,107808,45550,1
4,54073,187188,133115,61062,1
5,79899,222442,142543,61092,1
6,105743,273669,167926,61155,1
7,115677,309033,193356,61136,1
8,141455,344346,202891,61172,1
9,167320,379551,212231,45019,1
10,177139,410827,233688,57161,1
11,203030,461996,258966,60942,1
12,212808,497456,284648,61106,1
13,238459,532672,294213,60864,1
14,264113,568038,303925,45198,1
15,273950,603657,329707,61294,1
16,299631,639279,339648,45444,1
17,309465,673996,364531,60547,1
18,335300,703091,367791,54793,1
19,361003,732282,371279,55029,1
20,386847,761599,374752,39097,1
21,396632,790784,394152,54795,1
22,422246,819891,397645,38617,1
23,431761,848969,417208,54765,1
24,457453,878065,420612,54778,1
25,483141,907320,424179,39094,1
26,492986,936500,443514,54971,1
27,518783,965739,446956,39040,1
28,528590,995020,466430,55075,1
29,554390,1024103,469713,54951,1
30,580263,1053334,473071,39018,1
31,590055,1082548,492493,59088,1
32,619935,1111765,491830,39021,1
33,629745,1140932,511187,59004,1
34,659588,1170157,510569,58323,1
35,688691,1199510,510819,58605,1
36,717948,1228869,510921,58604,1
37,747203,1258181,510978,58407,1
38,776303,1287404,511101,58206,1
39,805292,1316721,511429,58516,1
40,834497,1346175,511678,58625,1
41,863674,1375485,511811,58564,1
42,892933,1404944,512011,58676,1
43,922155,1434059,511904,58349,1
44,951394,1463182,511788,58208,1
45,980485,1492388,511903,58430,1
46,1009715,1521716,512001,58563,1
47,1038955,1550783,511828,58186,1
48,1068080,1579997,511917,58399,1
49,1097271,1609234,511963,58460,1
50,1126500,1638358,511858,58367,1
51,1155749,1667421,511672,58185,1
52,1184877,1696396,511519,58552,1
53,1214461,1725612,511151,58530,1
54,1243781,1754600,510819,58234,1
55,1273032,1783846,510814,58604,1
56,1302396,1813513,511117,58901,1
57,1331635,1843081,511446,58919,1
58,1360998,1872227,511229,58471,1
59,1390329,1901382,511053,58359,1
60,1419539,1930635,511096,58440,1
61,1448732,1959854,511122,58482,1
62,1478001,1988944,510943,58348,1
63,1507265,2018110,510845,58284,1
64,1536388,2047206,510818,58250,1
65,1565547,2076451,510904,58565,1
66,1594872,2105594,510722,58054,1
67,1623788,2134829,511041,58337,1
68,1652895,2164101,511206,58378,1
69,1682007,2193224,511217,58226,1
70,1711120,2222286,511166,58207,1
71,1740271,2251574,511303,58459,1
72,1769448,2280620,511172,58337,1
73,1798747,2309817,511070,58838,1
74,1828394,2338994,510600,58586,1
75,1857809,2368251,510442,58405,1
76,1886963,2397544,510581,58527,1
77,1916202,2427081,510879,58588,1
78,1945259,2456311,511052,58494,1
79,1974528,2485554,511026,58376,1
80,2003667,2514813,511146,58392,1
81,2032806,2544141,511335,58588,1
82,2062072,2573161,511089,58246,1
83,2091303,2602461,511158,58457,1
84,2120466,2631689,511223,58370,1
85,2149614,2660929,511315,58341,1
86,2178721,2689852,511131,58099,1
87,2207903,2719178,511275,58485,1
88,2237068,2748308,511240,58351,1
89,2266294,2777417,511123,58198,1
90,2295389,2806581,511192,58308,1
91,2324539,2835780,511241,58415,1
92,2353760,2864859,511099,58315,1
93,2383002,2893957,510955,58583,1
94,2412493,2923100,510607,58478,1
95,2441834,2952225,510391,58452,1
96,2471166,2981306,510140,58282,1
97,2500372,3010902,510530,58853,1
98,2529635,3040245,510610,58533,1
99,2558830,3069541,510711,58463,1
100,2588002,3098862,510860,58533,1
101,2617220,3128045,510825,58308,1
102,2646351,3157094,510743,58213,1
103,2675520,3186245,510725,58320,1
104,2704695,3215499,510804,58371,1
105,2733818,3244651,510833,58314,1
106,2762986,3273963,510977,58456,1
107,2792136,3303055,510919,58306,1
108,2821356,3332365,511009,58402,1
109,2850453,3361716,511263,58487,1
110,2879594,3391033,511439,58437,1
111,2908719,3420149,511430,58199,1
112,2937807,3449222,511415,58183,1
113,2966923,3478343,511420,58255,1
114,2996063,3507462,511399,58686,1
115,3025635,3536550,510915,58620,1
116,3055173,3565729,510556,58316,1
117,3084316,3594807,510491,58335,1
118,3113578,3624527,510949,58861,1
119,3142725,3653908,511183,58494,1
120,3171844,3683067,511223,58397,1
121,3201086,3712166,511080,58346,1
122,3230339,3741409,511070,58398,1
123,3259500,3770609,511109,58345,1
124,3288651,3799684,511033,58340,1
125,3317921,3828956,511035,58436,1
126,3347090,3858169,511079,58485,1
127,3376368,3887260,510892,58366,1
128,3405649,3916557,510908,58412,1
129,3434770,3945665,510895,58149,1
130,3463817,3974783,510966,58220,1
131,3492924,4004043,511119,58392,1
132,3522062,4033114,511052,58276,1
133,3551273,4062405,511132,58458,1
134,3580445,4091559,511114,58719,1
135,3610017,4120668,510651,58438,1
136,3639352,4149719,510367,58342,1
137,3668649,4178733,510084,58131,1
138,3697772,4208285,510513,58788,1
139,3727013,4237655,510642,58558,1
140,3756205,4266906,510701,58348,1
141,3785307,4296163,510856,58489,1
142,3814544,4325322,510778,58304,1
143,3843694,4354448,510754,58284,1
144,3872857,4383540,510683,58298,1
145,3902068,4412791,510723,58456,1
146,3931278,4442025,510747,58331,1
147,3960380,4471755,511375,58938,1
148,3989594,4500728,511134,58144,1
149,4018775,4529844,511069,58255,1
150,4047920,4559024,511104,58276,1
151,4077021,4588157,511136,58284,1
152,4106178,4617315,511137,58220,1
153,4135245,4646520,511275,58303,1
154,4164348,4675704,511356,58299,1
155,4193469,4704907,511438,58975,1
156,4223246,4733889,510643,58209,1
157,4252502,4762986,510484,58311,1
158,4281735,4792221,510486,58343,1
159,4310849,4821610,510761,58544,1
160,4340010,4850897,510887,58345,1
161,4369074,4880109,511035,58501,1
162,4398368,4909431,511063,58491,1
163,4427543,4938626,511083,58289,1
164,4456642,4967863,511221,58934,1
165,4486345,4996966,510621,58148,1
166,4515396,5026078,510682,58271,1
167,4544561,5055390,510829,58399,1
168,4573654,5085638,511984,59441,1
169,4602852,5115617,512765,59219,1
170,4632104,5145482,513378,58960,1
171,4661205,5172050,510845,55715,1
172,4690358,5196605,506247,53582,1
173,4719389,5221256,501867,53821,1
174,4748563,5245873,497310,53777,1
175,4777727,5270508,492781,54078,1
176,4807176,5295108,487932,53779,1
177,4836358,5319758,483400,53978,1
178,4865688,5344306,478618,53784,1
179,4894928,5368871,473943,53819,1
180,4924185,5393506,469321,53839,1
181,4953392,5418457,465065,54152,1
182,4982595,5442657,460062,53315,1
183,5011714,5467094,455380,53637,1
184,5040917,5491483,450566,53995,1
185,5076683,5515858,439175,48490,1
186,5516782,5608391,91609,111699,2
187,5536892,5650836,113944,82217,2
188,5576681,5690525,113844,79187,2
189,5616189,5730301,114112,79548,2
190,5655971,5769925,113954,79324,2
191,5695680,5809512,113832,79301,2
192,5735402,5849192,113790,79226,2
193,5774957,5888815,113858,79365,2
194,5814707,5928519,113812,79306,2
195,5854317,5968169,113852,79336,2
196,5894012,6008049,114037,79452,2
197,5933592,6047648,114056,79246,2
198,5973251,6087728,114477,80219,2
199,6013398,6127535,114137,79570,2
200,6053172,6167199,114027,79409,2
201,6092925,6207049,114124,79622,2
202,6132705,6258776,126071,91493,2
203,6172496,6283055,110559,63910,2
204,6212136,6326244,114108,82931,2
205,6251887,6366013,114126,79595,2
206,6291722,6405585,113863,79291,2
207,6331449,6445269,113820,79318,2
208,6371092,6485044,113952,79513,2
209,6410838,6524908,114070,79626,2
210,6450609,6564572,113963,79368,2
211,6490322,6604374,114052,79386,2
212,6529914,6644549,114635,80059,2
213,6569821,6684195,114374,79788,2
214,6609975,6723932,113957,79470,2
215,6649720,6763546,113826,79168,2
216,6689283,6803254,113971,79326,2
217,6728908,6842877,113969,79303,2
218,6768597,6882630,114033,79451,2
219,6808304,6922344,114040,79502,2
220,6848100,6962103,114003,79476,2
221,6887825,7001679,113854,79291,2
222,6927549,7041670,114121,79807,2
223,6967375,7081424,114049,79426,2
224,7007057,7121166,114109,79579,2
225,7046917,7161070,114153,79746,2
226,7086781,7200698,113917,79327,2
227,7126489,7240630,114141,79650,2
228,7166230,7280538,114308,79593,2
229,7205923,7320387,114464,80029,2
230,7246112,7360268,114156,79760,2
231,7286000,7399965,113965,79395,2
232,7325722,7439727,114005,79565,2
233,7365533,7479460,113927,79472,2
234,7405281,7519373,114092,79648,2
235,7445025,7559224,114199,79600,2
236,7484784,7598936,114152,79565,2
237,7524645,7638775,114130,79608,2
238,7564424,7678626,114202,79664,2
239,7604245,7718176,113931,79301,2
240,7644004,7757770,113766,79278,2
241,7683696,7797553,113857,79485,2
242,7723420,7837571,114151,79657,2
243,7763067,7877293,114226,79382,2
244,7802736,7917200,114464,80112,2
245,7842951,7956757,113806,79123,2
246,7882526,7996470,113944,79474,2
247,7922295,8036098,113803,79220,2
248,7961915,8075778,113863,79387,2
249,8001644,8115470,113826,79283,2
250,8041244,8155329,114085,79624,2
251,8081019,8195039,114020,79511,2
252,8120828,8234684,113856,79295,2
253,8160488,8274420,113932,79420,2
254,8200180,8314156,113976,79510,2
255,8239963,8353737,113774,79205,2
256,8279596,8406806,127210,92710,2
257,8319245,8443428,124183,76302,2
258,8358933,8466534,107601,62870,2
259,8398706,8512893,114187,86331,2
260,8438688,8552598,113910,79393,2
261,8478386,8592374,113988,79470,2
262,8518088,8632167,114079,79595,2
263,8557898,8671951,114053,79594,2
264,8597715,8711591,113876,79312,2
265,8637396,8751322,113926,79405,2
266,8677080,8791002,113922,79389,2
267,8716797,8830804,114007,79594,2
268,8756596,8870546,113950,79443,2
269,8796306,8910259,113953,79366,2
270,8835968,8949821,113853,79134,2
271,8875549,8989653,114104,79688,2
272,8915414,9029508,114094,79565,2
273,8955133,9069052,113919,79092,2
274,8994689,9108838,114149,79690,2
275,9034624,9148594,113970,79478,2
276,9074355,9188422,114067,79529,2
277,9114065,9227995,113930,79262,2
278,9153778,9267742,113964,79418,2
279,9193459,9307346,113887,79311,2
280,9233175,9347125,113950,79476,2
281,9272879,9386746,113867,79348,2
282,9312615,9426205,113590,78942,2
283,9352107,9465846,113739,79106,2
284,9391580,9505649,114069,79564,2
285,9431350,9545205,113855,79200,2
286,9471002,9598975,127973,93425,2
287,9510666,9634331,123665,75002,2
288,9550321,9658125,107804,63552,2
289,9590088,9704559,114471,86600,2
290,9630264,9744333,114069,79538,2
291,9670037,9784119,114082,79587,2
292,9709846,9823821,113975,79424,2
293,9749576,9863414,113838,79243,2
294,9789235,9902991,113756,79156,2
295,9828821,9942727,113906,79481,2
296,9868575,9982368,113793,79285,2
297,9908227,10021916,113689,79124,2
298,9947813,10061588,113775,79306,2
299,9987455,10101543,114088,79706,2
300,10027214,10141267,114053,79549,2
301,10067048,10180970,113922,79347,2
302,10106699,10235745,129046,94524,2
303,10146457,10255305,108848,59192,2
304,10186097,10300434,114337,85117,2
305,10226092,10340091,113999,79368,2
306,10265813,10379868,114055,79485,2
307,10305528,10419588,114060,79483,2
308,10345301,10459242,113941,79344,2
309,10384999,10499084,114085,79448,2
310,10424614,10538664,114050,79494,2
311,10464538,10578789,114251,79860,2
312,10504281,10633894,129613,94890,2
313,10544078,10668800,124722,74807,2
314,10584064,10688574,104510,60159,2
315,10689313,10765339,76026,86123,1
316,10699445,10800593,101148,56769,1
317,10720975,10836227,115252,62063,1
318,10747411,10871752,124341,45434,1
319,10757332,10922974,165642,77136,1
320,10783251,10958203,174952,45019,1
321,10793046,10993306,200260,61073,1
322,10819023,11044399,225376,80937,1
323,10848873,11079921,231048,45406,1
324,10858762,11115268,256506,61160,1
325,10884581,11150500,265919,60937,1
326,10910291,11185551,275260,44819,1
327,10920065,11236707,316642,76906,1
328,10945821,11271403,325582,44570,1
329,10955700,11300463,344763,54857,1
330,10981502,11329646,348144,51052,1
331,11003377,11358941,355564,38851,1
332,11012950,11388142,375192,54869,1
333,11038622,11417341,378719,38878,1
334,11048306,11446574,398268,55019,1
335,11074109,11475815,401706,54958,1
336,11099832,11504978,405146,38904,1
337,11109579,11534070,424491,54888,1
338,11135381,11563304,427923,39042,1
339,11145195,11592490,447295,54968,1
340,11170983,11621608,450625,54814,1
341,11196685,11650771,454086,38586,1
342,11206113,11680016,473903,54936,1
343,11231810,11709199,477389,38842,1
344,11241475,11738434,496959,51690,1
345,11263935,11767731,503796,51459,1
346,11286103,11796850,510747,58236,1
347,11315226,11826039,510813,58439,1
348,11344482,11855177,510695,58394,1
349,11373743,11884187,510444,58187,1
350,11402925,11913349,510424,58334,1
351,11432103,11942496,510393,58367,1
352,11461328,11971738,510410,58452,1
353,11490544,12000855,510311,58286,1
354,11519718,12029863,510145,58167,1
355,11548882,12059032,510150,58289,1
356,11578007,12088090,510083,58287,1
357,11607242,12117279,510037,58307,1
358,11636365,12146461,510096,58393,1
359,11665582,12175709,510127,58463,1
360,11694803,12204915,510112,58456,1
361,11724058,12234052,509994,58304,1
362,11753230,12263165,509935,58341,1
363,11782464,12292386,509922,58300,1
364,11811548,12321345,509797,58151,1
365,11840746,12350685,509939,58334,1
366,11869746,12379976,510230,58489,1
367,11898949,12409064,510115,58223,1
368,11928088,12438044,509956,58124,1
369,11957238,12467187,509949,58310,1
370,11986411,12496368,509957,58263,1
371,12015499,12525334,509835,57931,1
372,12044470,12554600,510130,58456,1
373,12073664,12583787,510123,58398,1
374,12102880,12612899,510019,58281,1
375,12132053,12641991,509938,58161,1
376,12161128,12671002,509874,58334,1
377,12190457,12700351,509894,58565,1
378,12219678,12729517,509839,58215,1
379,12248733,12758703,509970,58303,1
380,12277855,12787954,510099,58399,1
381,12307009,12817157,510148,58382,1
382,12336194,12846326,510132,58435,1
383,12365466,12875545,510079,58328,1
384,12394580,12904751,510171,58258,1
385,12423637,12933910,510273,58299,1
386,12452781,12963155,510374,58229,1
387,12481769,12992323,510554,58349,1
388,12510954,13021500,510546,58420,1
389,12540203,13050760,510557,58462,1
390,12569410,13079995,510585,58270,1
391,12598450,13109119,510669,58159,1
392,12627490,13138301,510811,58346,1
393,12656659,13167264,510605,58137,1
394,12685839,13196515,510676,58513,1
395,12715106,13225545,510439,58265,1
396,12744347,13254629,510282,58222,1
397,12773491,13283768,510277,58413,1
398,12802770,13312841,510071,58166,1
399,12831868,13341976,510108,58412,1
400,12861151,13371348,510197,58520,1
401,12890304,13400428,510124,58257,1
402,12919487,13429623,510136,58368,1
403,12948666,13458723,510057,58235,1
404,12977807,13487970,510163,58476,1
405,13007042,13517104,510062,58399,1
406,13036313,13546204,509891,58350,1
407,13065569,13575433,509864,58408,1
408,13094753,13604727,509974,58328,1
409,13123793,13633799,510006,58180,1
410,13152906,13663009,510103,58317,1
411,13182019,13692192,510173,58179,1
412,13211020,13721225,510205,58130,1
413,13240122,13750347,510225,58327,1
414,13269333,13779453,510120,58303,1
415,13298535,13808518,509983,58173,1
416,13327648,13837696,510048,58412,1
417,13356887,13866814,509927,58113,1
418,13385888,13896087,510199,58548,1
419,13415167,13925164,509997,58144,1
420,13444238,13954385,510147,58452,1
421,13473474,13983555,510081,58322,1
422,13502632,14012634,510002,58236,1
423,13531794,14041897,510103,58440,1
424,13560975,14071080,510105,58511,1
425,13590308,14100091,509783,58200,1
426,13619503,14129335,509832,58318,1
427,13648582,14158467,509885,58191,1
428,13677647,14187693,510046,58419,1
429,13706846,14216859,510013,58194,1
430,13735879,14245841,509962,58146,1
431,13765049,14274942,509893,58195,1
432,13794148,14304159,510011,58381,1
433,13823318,14333284,509966,58227,1
434,13852426,14362366,509940,58249,1
435,13881597,14391580,509983,58376,1
436,13910765,14420758,509993,58313,1
437,13939905,14449859,509954,58313,1
438,13969122,14478944,509822,58203,1
439,13998246,14508114,509868,58431,1
440,14027513,14537381,509868,58267,1
441,14056519,14566570,510051,58342,1
442,14085677,14595819,510142,58456,1
443,14114888,14624947,510059,58336,1
444,14144101,14654174,510073,58364,1
445,14173244,14683396,510152,58315,1
446,14202342,14712509,510167,58160,1
447,14231394,14741686,510292,58223,1
448,14260445,14770839,510394,58362,1
449,14289660,14800138,510478,58525,1
450,14318891,14829428,510537,58394,1
451,14348000,14858616,510616,58343,1
452,14377161,14887879,510718,58407,1
453,14406310,14917015,510705,58263,1
454,14435443,14946156,510713,58260,1
455,14464568,14975339,510771,58329,1
456,14493720,15004630,510910,58520,1
457,14522953,15033915,510962,58461,1
458,14552135,15063067,510932,58384,1
459,14581373,15092273,510900,58434,1
460,14610606,15121372,510766,58212,1
461,14639725,15150505,510780,58329,1
462,14668926,15179634,510708,58297,1
463,14698098,15208782,510684,58327,1
464,14727282,15237923,510641,58258,1
465,14756405,15267218,510813,58530,1
466,14785645,15296414,510769,58446,1
467,14814900,15325564,510664,58440,1
468,14844196,15354797,510601,58511,1
469,14873478,15383943,510465,58287,1
470,14902624,15412990,510366,58219,1
471,14931801,15442116,510315,58299,1
472,14960979,15471163,510184,58322,1
473,14990260,15500377,510117,58431,1
474,15019483,15529616,510133,58349,1
475,15048598,15558816,510218,58406,1
476,15077809,15588108,510299,58452,1
477,15106974,15617366,510392,58296,1
478,15136017,15646680,510663,58528,1
479,15165235,15675937,510702,58435,1
480,15194418,15705183,510765,58396,1
481,15223574,15734176,510602,58234,1
482,15252820,15763575,510755,58516,1
483,15281943,15792696,510753,58379,1
484,15311214,15821772,510558,58189,1
485,15340332,15851169,510837,58524,1
486,15369465,15880223,510758,58145,1
487,15398574,15909485,510911,58372,1
488,15427689,15938697,511008,58373,1
489,15456856,15967730,510874,58152,1
490,15485981,15996894,510913,58348,1
491,15515171,16026181,511010,58512,1
492,15544401,16055334,510933,58338,1
493,15573592,16084411,510819,58435,1
494,15602955,16113652,510697,58511,1
495,15632231,16142660,510429,58238,1
496,15661466,16171892,510426,58515,1
497,15690755,16201047,510292,58287,1
498,15719893,16230112,510219,58250,1
499,15749083,16259374,510291,58406,1
500,15778231,16288443,510212,58188,1
501,15807355,16317567,510212,58330,1
502,15836567,16346737,510170,58376,1
503,15865779,16375926,510147,58391,1
504,15894987,16404968,509981,58297,1
505,15924247,16434243,509996,58303,1
506,15953281,16463482,510201,58463,1
507,15982510,16492596,510086,58348,1
508,16011749,16521792,510043,58279,1
509,16040837,16550968,510131,58292,1
510,16069958,16580262,510304,58482,1
511,16099152,16609478,510326,58369,1
512,16128311,16638689,510378,58358,1
513,16157464,16667899,510435,58377,1
514,16186637,16697048,510411,58225,1
515,16215718,16726253,510535,58424,1
516,16244943,16755497,510554,58321,1
517,16274025,16784508,510483,58223,1
518,16303242,16813691,510449,58256,1
519,16332320,16843057,510737,58493,1
520,16361452,16872293,510841,58409,1
521,16390630,16901456,510826,58381,1
522,16419853,16930615,510762,58328,1
523,16449028,16959523,510495,58037,1
524,16478163,16988804,510641,58458,1
525,16507346,17017969,510623,58390,1
526,16536577,17047098,510521,58379,1
527,16565832,17076258,510426,58361,1
528,16595039,17105443,510404,58388,1
529,16624248,17134520,510272,58239,1
530,16653415,17163543,510128,58258,1
531,16682655,17192780,510125,58435,1
532,16711859,17222045,510186,58313,1
533,16740912,17251198,510286,58321,1
534,16770085,17280275,510190,58292,1
535,16799305,17309418,510113,58441,1
536,16828609,17338627,510018,58475,1
537,16857881,17367980,510099,58459,1
538,16886992,17397145,510153,58125,1
539,16915957,17426412,510455,58441,1
540,16945137,17455437,510300,58317,1
541,16974433,17484688,510255,58347,1
542,17003534,17513839,510305,58275,1
543,17032664,17542982,510318,58316,1
544,17061843,17572278,510435,58488,1
545,17091041,17601421,510380,58146,1
546,17120049,17630619,510570,58359,1
547,17149215,17659713,510498,58239,1
548,17178364,17688876,510512,58326,1
549,17207533,17717822,510289,58016,1
550,17236609,17747018,510409,58460,1
551,17265879,17776217,510338,58373,1
552,17295058,17805404,510346,58328,1
553,17324204,17834415,510211,58349,1
554,17353548,17863471,509923,58321,1
555,17382819,17892586,509767,58217,1
556,17411926,17921843,509917,58375,1
557,17441049,17950986,509937,58339,1
558,17470251,17980056,509805,58136,1
559,17499322,18009236,509914,58426,1
560,17528573,18038500,509927,58385,1
561,17557698,18067656,509958,58457,1
562,17587005,18096746,509741,58132,1
563,17616053,18125931,509878,58366,1
564,17645240,18155010,509770,58186,1
565,17674352,18184165,509813,58241,1
566,17703442,18213481,510039,58433,1
567,17732564,18242497,509933,58194,1
568,17761748,18271609,509861,58305,1
569,17790947,18300749,509802,58095,1
570,17819908,18329791,509883,58226,1
571,17849096,18358904,509808,58170,1
572,17878159,18388198,510039,58596,1
573,17907467,18417293,509826,58189,1
574,17936566,18446416,509850,58212,1
575,17965661,18475678,510017,58420,1
576,17994824,18504894,510070,58393,1
577,18024007,18533939,509932,58177,1
578,18053145,18563133,509988,58439,1
579,18082395,18592387,509992,58376,1
580,18111523,18621527,510004,58191,1
581,18140579,18650541,509962,58217,1
582,18169788,18679735,509947,58402,1
583,18199002,18708833,509831,58069,1
584,18227979,18738077,510098,58456,1
585,18257196,18767344,510148,58381,1
586,18286315,18796417,510102,58202,1
587,18315449,18825542,510093,58174,1
588,18344503,18854703,510200,58409,1
589,18373757,18883844,510087,58339,1
590,18402961,18912956,509995,58190,1
591,18432045,18942089,510044,58330,1
592,18461248,18971307,510059,58392,1
593,18490428,19000593,510165,58374,1
594,18519522,19029725,510203,58270,1
595,18548666,19058918,510252,58443,1
596,18577922,19088112,510190,58304,1
597,18607038,19117281,510243,58242,1
598,18636116,19146322,510206,58232,1
599,18665313,19175564,510251,58463,1
600,18694540,19204787,510247,58374,1
601,18723695,19233940,510245,58328,1
602,18752875,19262945,510070,58106,1
603,18781981,19292168,510187,58350,1
604,18811114,19321177,510063,58119,1
605,18840230,19350452,510222,58329,1
606,18869290,19379578,510288,58350,1
607,18898519,19408635,510116,58142,1
608,18927609,19437867,510258,58515,1
609,18956897,19466980,510083,58455,1
610,18986245,19496201,509956,58209,1
611,19015239,19525357,510118,58401,1
612,19044490,19554514,510024,58274,1
613,19073613,19583795,510182,58511,1
614,19102848,19612866,510018,58165,1
615,19131947,19642020,510073,58326,1
616,19161124,19671051,509927,58262,1
617,19190359,19700255,509896,58286,1
618,19219447,19729503,510056,58320,1
619,19248525,19758681,510156,58240,1
620,19277592,19787739,510147,58240,1
621,19306780,19816918,510138,58243,1
622,19335850,19845952,510102,58293,1
623,19365115,19875227,510112,58401,1
624,19394246,19904407,510161,58402,1
625,19423474,19933524,510050,58203,1
626,19452566,19962929,510363,58556,1
627,19481723,19992053,510330,58311,1
628,19510916,20021155,510239,58236,1
629,19540056,20050282,510226,58403,1
630,19569338,20079371,510033,58227,1
631,19598482,20108573,510091,58303,1
632,19627589,20137677,510088,58232,1
633,19656722,20166823,510101,58284,1
634,19685866,20195950,510084,58375,1
635,19715119,20225155,510036,58365,1
636,19744293,20254305,510012,58290,1
637,19773439,20283415,509976,58119,1
638,19802454,20312430,509976,58136,1
639,19831590,20341671,510081,58416,1
640,19860770,20370851,510081,58392,1
641,19889987,20400092,510105,58465,1
642,19919216,20429175,509959,58190,1
643,19948328,20458333,510005,58396,1
644,19977571,20487963,510392,58853,1
645,20006800,20517095,510295,58162,1
646,20035836,20546483,510647,58523,1
647,20064977,20575795,510818,58426,1
648,20094096,20605073,510977,58343,1
649,20123167,20634274,511107,58452,1
650,20152424,20663459,511035,58271,1
651,20181515,20692788,511273,58572,1
652,20210763,20721885,511122,58185,1
653,20239857,20750947,511090,58105,1
654,20268905,20780201,511296,58406,1
655,20298063,20809355,511292,58355,1
656,20327269,20838549,511280,58333,1
657,20356413,20867618,511205,58241,1
658,20385591,20896897,511306,58433,1
659,20414751,20925919,511168,58135,1
660,20443869,20955138,511269,58585,1
661,20473243,20984299,511056,58647,1
662,20502735,21013422,510687,58368,1
663,20531986,21042420,510434,58274,1
664,20561268,21071608,510340,58575,1
665,20590660,21100872,510212,58464,1
666,20619866,21129933,510067,58261,1
667,20649071,21159000,509929,58249,1
668,20678259,21188078,509819,58193,1
669,20707379,21217294,509915,58363,1
670,20736532,21246417,509885,58361,1
671,20765776,21275690,509914,58437,1
672,20794944,21304790,509846,58167,1
673,20824017,21334036,510019,58445,1
674,20853222,21363227,510005,58340,1
675,20882377,21392343,509966,58164,1
676,20911430,21421607,510177,58379,1
677,20940551,21450750,510199,58338,1
678,20969751,21480078,510327,58468,1
679,20998896,21509023,510127,58003,1
680,21027959,21538180,510221,58393,1
681,21057201,21567442,510241,58467,1
682,21086412,21596713,510301,58280,1
683,21115426,21625928,510502,58295,1
684,21144511,21654993,510482,58186,1
685,21173637,21684111,510474,58337,1
686,21202862,21713314,510452,58332,1
687,21231997,21742443,510446,58307,1
688,21261181,21771677,510496,58492,1
689,21290445,21800792,510347,58327,1
690,21319663,21829860,510197,58129,1
691,21348729,21859304,510575,58686,1
692,21377977,21888463,510486,58330,1
693,21407153,21917552,510399,58229,1
694,21436298,21946688,510390,58257,1
695,21465425,21975839,510414,58282,1
696,21494561,22004908,510347,58291,1
697,21523788,22034037,510249,58302,1
698,21552966,22063292,510326,58604,1
699,21582319,22092499,510180,58324,1
700,21611441,22121692,510251,58344,1
701,21640598,22150768,510170,58163,1
702,21669690,22180019,510329,58376,1
703,21698820,22209154,510334,58371,1
704,21728062,22238212,510150,58226,1
705,21757236,22267400,510164,58361,1
706,21786414,22296776,510362,58488,1
707,21815531,22325791,510260,58249,1
708,21844770,22355204,510434,58695,1
709,21874056,22384345,510289,58207,1
710,21903128,22413468,510340,58173,1
711,21932183,22442819,510636,58506,1
712,21961343,22471901,510558,58221,1
713,21990488,22501025,510537,58270,1
714,22019640,22530253,510613,58424,1
715,22048842,22559438,510596,58438,1
716,22078101,22588481,510380,58251,1
717,22107315,22617669,510354,58287,1
718,22136419,22646884,510465,58335,1
719,22165544,22676083,510539,58281,1
720,22194632,22705254,510622,58325,1
721,22223791,22734419,510628,58373,1
722,22253005,22763528,510523,58379,1
723,22282281,22792673,510392,58254,1
724,22311395,22821758,510363,58369,1
725,22340685,22850978,510293,58489,1
726,22369958,22880041,510083,58215,1
727,22399115,22909159,510044,58252,1
728,22428254,22938385,510131,58397,1
729,22457430,22967617,510187,58459,1
730,22486662,22996725,510063,58222,1
731,22515782,23025888,510106,58330,1
732,22544954,23055137,510183,58366,1
733,22574077,23084291,510214,58328,1
734,22603257,23113506,510249,58404,1
735,22632451,23142720,510269,58436,1
736,22661679,23171901,510222,58324,1
737,22690828,23201197,510369,58323,1
738,22719861,23230384,510523,58414,1
739,22749093,23259581,510488,58253,1
740,22778155,23288691,510536,58204,1
741,22807255,23317793,510538,58283,1
742,22836442,23347067,510625,58448,1
743,22865621,23376102,510481,58233,1
744,22894824,23405325,510501,58377,1
745,22923983,23434568,510585,58371,1
746,22953116,23463663,510547,58325,1
747,22982352,23492776,510424,58264,1
748,23011509,23522048,510539,58471,1
749,23040713,23551313,510600,58431,1
750,23069885,23580415,510530,58370,1
751,23099159,23609546,510387,58286,1
752,23128318,23638707,510389,58349,1
753,23157512,23667795,510283,58343,1
754,23186772,23697145,510373,58483,1
755,23215911,23726309,510398,58332,1
756,23245085,23755519,510434,58407,1
757,23274288,23784760,510472,58408,1
758,23303460,23813847,510387,58233,1
759,23332610,23842904,510294,58170,1
760,23361728,23872045,510317,58358,1
761,23390951,23901211,510260,58279,1
762,23420069,23930331,510262,58283,1
763,23449238,23959491,510253,58379,1
764,23478462,23988723,510261,58358,1
765,23507594,24018000,510406,58508,1
766,23536830,24047114,510284,58232,1
767,23565953,24076320,510367,58362,1
768,23595115,24105484,510369,58320,1
769,23624277,24134670,510393,58361,1
770,23653458,24163871,510413,58435,1
771,23682697,24193082,510385,58398,1
772,23711889,24222179,510290,58334,1
773,23741131,24251337,510206,58301,1
774,23770280,24280502,510222,58176,1
775,23799297,24309562,510265,58214,1
776,23828455,24338838,510383,58494,1
777,23857679,24367962,510283,58202,1
778,23886763,24397079,510316,58233,1
779,23915884,24426174,510290,58288,1
780,23945083,24455353,510270,58443,1
781,23974353,24484450,510097,58354,1
782,24003616,24513671,510055,58305,1
783,24032705,24542875,510170,58353,1
784,24061859,24572077,510218,58432,1
785,24091094,24601285,510191,58364,1
786,24120255,24630370,510115,58292,1
787,24149467,24659557,510090,58268,1
788,24178570,24688707,510137,58382,1
789,24207807,24717627,509820,58033,1
790,24236926,24746877,509951,58321,1
791,24266014,24775981,509967,58272,1
792,24295187,24805136,509949,58344,1
793,24324381,24834333,509952,58293,1
794,24353482,24863589,510107,58378,1
795,24382610,24892748,510138,58311,1
796,24411767,24921996,510229,58384,1
797,24440909,24951191,510282,58336,1
798,24470055,24980407,510352,58482,1
799,24499327,25009504,510177,58208,1
800,24528444,25038633,510189,58223,1
801,24557544,25067843,510299,58481,1
802,24586819,25096960,510141,58236,1
803,24615944,25126096,510152,58329,1
804,24645142,25155324,510182,58233,1
805,24674152,25184519,510367,58336,1
806,24703299,25213722,510423,58325,1
807,24732427,25242793,510366,58261,1
808,24761622,25272002,510380,58336,1
809,24790755,25301110,510355,58236,1
810,24819888,25330299,510411,58341,1
811,24849046,25359397,510351,58321,1
812,24878274,25388669,510395,58570,1
813,24907578,25417906,510328,58447,1
814,24936794,25447126,510332,58397,1
815,24965976,25476306,510330,58249,1
816,24995051,25505391,510340,58276,1
817,25024246,25534685,510439,58397,1
818,25053355,25563887,510532,58369,1
819,25082527,25593230,510703,58506,1
820,25111696,25622329,510633,58347,1
821,25140949,25651479,510530,58296,1
822,25170100,25680692,510592,58354,1
823,25199247,25709909,510662,58279,1
824,25228315,25739104,510789,58358,1
825,25257483,25768380,510897,58458,1
826,25286671,25797493,510822,58272,1
827,25315834,25826671,510837,58372,1
828,25345032,25855822,510790,58431,1
829,25374316,25884916,510600,58299,1
830,25403526,25914152,510626,58386,1
831,25432680,25943217,510537,58233,1
832,25461854,25972333,510479,58349,1
833,25491093,26001553,510460,58353,1
834,25520231,26030684,510453,58261,1
835,25549367,26059754,510387,58303,1
836,25578606,26089031,510425,58542,1
837,25607877,26118274,510397,58405,1
838,25637045,26147279,510234,58314,1
839,25666359,26176490,510131,58447,1
840,25695600,26205688,510088,58277,1
841,25724685,26234870,510185,58390,1
842,25753899,26264037,510138,58324,1
843,25783061,26293118,510057,58237,1
844,25812222,26322205,509983,58221,1
845,25841362,26351509,510147,58530,1
846,25870593,26380694,510101,58243,1
847,25899656,26409723,510067,58192,1
848,25928823,26438901,510078,58298,1
849,25957948,26468106,510158,58426,1
850,25987174,26497348,510174,58358,1
851,26016295,26526534,510239,58294,1
852,26045408,26555665,510257,58320,1
853,26074603,26584960,510357,58401,1
854,26103714,26614138,510424,58367,1
855,26132908,26643476,510568,58438,1
856,26162013,26672561,510548,58357,1
857,26191290,26698620,507330,55160,1
858,26220397,26722700,502303,53263,1
859,26249583,26746945,497362,53397,1
860,26278738,26771070,492332,53253,1
861,26307870,26795225,487355,53312,1
862,26337031,26819353,482322,53332,1
863,26366239,26843413,477174,53260,1
864,26395442,26867401,471959,53057,1
865,26424515,26891499,466984,53247,1
866,26453668,26915502,461834,53219,1
867,26482887,26939602,456715,53298,1
868,26512088,26963162,451074,52709,1
869,26541239,26986650,445411,52756,1
870,26570509,27010105,439596,52731,1
871,26599787,27033673,433886,52694,1
