it,start,end,latency,execution,sol
1,0,67814,67814,82453,1
2,14662,115947,101285,78065,1
3,44609,151561,106952,61542,1
4,70543,187331,116788,45818,1
5,80597,222874,142277,61243,1
6,106303,257847,151544,44717,1
7,116052,309025,192973,80922,1
8,145802,344360,198558,61109,1
9,171581,379549,207968,44963,1
10,181361,414702,233341,60956,1
11,207170,449837,242667,44857,1
12,216897,501165,284268,77016,1
13,242590,536381,293791,60881,1
14,268261,571643,303382,44737,1
15,277742,607259,329517,61296,1
16,303426,642191,338765,44542,1
17,313043,671359,358316,54876,1
18,338756,700337,361581,54625,1
19,364409,729439,365030,38831,1
20,374143,758567,384424,54713,1
21,399733,787656,387923,38759,1
22,409407,816773,407366,54762,1
23,435057,845747,410690,54558,1
24,460646,874856,414210,38514,1
25,470072,903857,433785,54594,1
26,495671,932960,437289,38641,1
27,505214,961971,456757,54664,1
28,530872,991003,460131,54652,1
29,556496,1020075,463579,38773,1
30,566201,1049053,482852,54562,1
31,591791,1078259,486468,41579,1
32,604172,1107246,503074,52353,1
33,627544,1136323,508779,58201,1
34,656674,1165580,508906,58297,1
35,685719,1194783,509064,58230,1
36,714751,1224276,509525,58609,1
37,743873,1253929,510056,58775,1
38,773001,1283432,510431,58642,1
39,802146,1312750,510604,58231,1
40,831065,1342012,510947,58423,1
41,860244,1371243,510999,58212,1
42,889231,1400258,511027,58090,1
43,918311,1429363,511052,58053,1
44,947265,1458342,511077,57981,1
45,976273,1487558,511285,58305,1
46,1005368,1516513,511145,58046,1
47,1034464,1545565,511101,58142,1
48,1063559,1574477,510918,57957,1
49,1092609,1603436,510827,57944,1
50,1121600,1632639,511039,58429,1
51,1150830,1661477,510647,57970,1
52,1179967,1690465,510498,58451,1
53,1209438,1719617,510179,58789,1
54,1239081,1748729,509648,58579,1
55,1268554,1777633,509079,58316,1
56,1297972,1807085,509113,58901,1
57,1327426,1836476,509050,58507,1
58,1356554,1865500,508946,58096,1
59,1385632,1894552,508920,58170,1
60,1414755,1923590,508835,58026,1
61,1443748,1952581,508833,58045,1
62,1472807,1981773,508966,58226,1
63,1501847,2010797,508950,58018,1
64,1530847,2039953,509106,58118,1
65,1559815,2069129,509314,58246,1
66,1588891,2098021,509130,57892,1
67,1617896,2127210,509314,58175,1
68,1646888,2156184,509296,57970,1
69,1675889,2185430,509541,58260,1
70,1704913,2214400,509487,58029,1
71,1733978,2243369,509391,57975,1
72,1762990,2272385,509395,57994,1
73,1791973,2301372,509399,58684,1
74,1821677,2330631,508954,58471,1
75,1850895,2359762,508867,58149,1
76,1879919,2388765,508846,58023,1
77,1908945,2418441,509496,58672,1
78,1937946,2448011,510065,58763,1
79,1967144,2477474,510330,58459,1
80,1996146,2506834,510688,58395,1
81,2025191,2536002,510811,58388,1
82,2054416,2565051,510635,58085,1
83,2083458,2594181,510723,58223,1
84,2112557,2623314,510757,58180,1
85,2141610,2652337,510727,58149,1
86,2170741,2681161,510420,57798,1
87,2199721,2710316,510595,58121,1
88,2228693,2739428,510735,58140,1
89,2257726,2768485,510759,58064,1
90,2286739,2797557,510818,58223,1
91,2315895,2826502,510607,58054,1
92,2345009,2855469,510460,58134,1
93,2374182,2884490,510308,58392,1
94,2403559,2913506,509947,58632,1
95,2433179,2942622,509443,58579,1
96,2462648,2971739,509091,58542,1
97,2492079,3000682,508603,58211,1
98,2521353,3030450,509097,58783,1
99,2550374,3059617,509243,58206,1
100,2579419,3088815,509396,58354,1
101,2608581,3117675,509094,57821,1
102,2637548,3146973,509425,58350,1
103,2666606,3176160,509554,58226,1
104,2695650,3205249,509599,58230,1
105,2724796,3234554,509758,58253,1
106,2753749,3263813,510064,58327,1
107,2782823,3292952,510129,58135,1
108,2811824,3322103,510279,58164,1
109,2840843,3351313,510470,58312,1
110,2869951,3380312,510361,57941,1
111,2898898,3409419,510521,58169,1
112,2927965,3438390,510425,58049,1
113,2957049,3467537,510488,58107,1
114,2986013,3496471,510458,58630,1
115,3015715,3525515,509800,58211,1
116,3044886,3554711,509825,58348,1
117,3074042,3583947,509905,58328,1
118,3103139,3613217,510078,58345,1
119,3132220,3642532,510312,58494,1
120,3161405,3671614,510209,58298,1
121,3190627,3700550,509923,58150,1
122,3219847,3729623,509776,58334,1
123,3249114,3758675,509561,58186,1
124,3278254,3787732,509478,58278,1
125,3307479,3816890,509411,58277,1
126,3336604,3845962,509358,58155,1
127,3365692,3874982,509290,58090,1
128,3394767,3904061,509294,58076,1
129,3423770,3933136,509366,58197,1
130,3452897,3962263,509366,58163,1
131,3481938,3991115,509177,57839,1
132,3510929,4020244,509315,58157,1
133,3539961,4049303,509342,58237,1
134,3569144,4078364,509220,58164,1
135,3598253,4107488,509235,58637,1
136,3627771,4136555,508784,58180,1
137,3656890,4165623,508733,58111,1
138,3685938,4194564,508626,58017,1
139,3715019,4224262,509243,58785,1
140,3744111,4253472,509361,58193,1
141,3773099,4282571,509472,58206,1
142,3802212,4311767,509555,58299,1
143,3831320,4340795,509475,58054,1
144,3860352,4370001,509649,58262,1
145,3889414,4399005,509591,58096,1
146,3918512,4428096,509584,58126,1
147,3947553,4457050,509497,57949,1
148,3976553,4486207,509654,58185,1
149,4005585,4515234,509649,58073,1
150,4034637,4544307,509670,58148,1
151,4063718,4573361,509643,58088,1
152,4092756,4602348,509592,58100,1
153,4121874,4631371,509497,58011,1
154,4150867,4660518,509651,58176,1
155,4179900,4689587,509687,58641,1
156,4209477,4718602,509125,58340,1
157,4238832,4747640,508808,58069,1
158,4267882,4776580,508698,58044,1
159,4296991,4806076,509085,58656,1
160,4326157,4835330,509173,58366,1
161,4355275,4864583,509308,58283,1
162,4384310,4893536,509226,58020,1
163,4413382,4922499,509117,58083,1
164,4442508,4951570,509062,58080,1
165,4471523,4980626,509103,58047,1
166,4500518,5009772,509254,58256,1
167,4529633,5038897,509264,58151,1
168,4558665,5068672,510007,58729,1
169,4587625,5098640,511015,59073,1
170,4616737,5128440,511703,58930,1
171,4645874,5155586,509712,56191,1
172,4674924,5180692,505768,54114,1
173,4703936,5205752,501816,54129,1
174,4733008,5230690,497682,53916,1
175,4761989,5255518,493529,53945,1
176,4791110,5280223,489113,54165,1
177,4820573,5305002,484429,54028,1
178,4849824,5329696,479872,53767,1
179,4878900,5354350,475450,53678,1
180,4907928,5379037,471109,53662,1
181,4936906,5403737,466831,53807,1
182,4966015,5428629,462614,54001,1
183,4995127,5452838,457711,53299,1
184,5024221,5477041,452820,53336,1
185,5059298,5501211,441913,48365,1
186,5502295,5583524,81229,101209,2
187,5522300,5636520,114220,92759,2
188,5562071,5676010,113939,78695,2
189,5601283,5715529,114246,79116,2
190,5640888,5755057,114169,79014,2
191,5680382,5794571,114189,79059,2
192,5719934,5834085,114151,79069,2
193,5759498,5873636,114138,79105,2
194,5799060,5913006,113946,78866,2
195,5838566,5952469,113903,78894,2
196,5878005,5992189,114184,79170,2
197,5917463,6046281,128818,93701,2
198,5957082,6068712,111630,61934,2
199,5996594,6110915,114321,81918,2
200,6036318,6150678,114360,79278,2
201,6075842,6190078,114236,79057,2
202,6115509,6229622,114113,79095,2
203,6155069,6269276,114207,79201,2
204,6194625,6308857,114232,79036,2
205,6234102,6348409,114307,79146,2
206,6273706,6387928,114222,79116,2
207,6313314,6427583,114269,79127,2
208,6352794,6467096,114302,79133,2
209,6392423,6506615,114192,79065,2
210,6431978,6546104,114126,79056,2
211,6471553,6585749,114196,79199,2
212,6511115,6625306,114191,79089,2
213,6550658,6664878,114220,79098,2
214,6590193,6704529,114336,79316,2
215,6629868,6744036,114168,79016,2
216,6669386,6783556,114170,79036,2
217,6708911,6823151,114240,79160,2
218,6748483,6862535,114052,78894,2
219,6788003,6901974,113971,78884,2
220,6827458,6941260,113802,78681,2
221,6866861,6980819,113958,78982,2
222,6906291,7020325,114034,78965,2
223,6945759,7059880,114121,79020,2
224,6985232,7099433,114201,79069,2
225,7024756,7138996,114240,79110,2
226,7064311,7178465,114154,78973,2
227,7103824,7232819,128995,93822,2
228,7143300,7255036,111736,61783,2
229,7182877,7297457,114580,82204,2
230,7222669,7336804,114135,78956,2
231,7262286,7376317,114031,79036,2
232,7301817,7415934,114117,79089,2
233,7341296,7455496,114200,79105,2
234,7380847,7494930,114083,78944,2
235,7420366,7534456,114090,79077,2
236,7459926,7573972,114046,79033,2
237,7499452,7613573,114121,79128,2
238,7538989,7653128,114139,79071,2
239,7578513,7692590,114077,78963,2
240,7618022,7732172,114150,79102,2
241,7657551,7771716,114165,79089,2
242,7697105,7811297,114192,79067,2
243,7736600,7851099,114499,79342,2
244,7776150,7890678,114528,79392,2
245,7815973,7930187,114214,79120,2
246,7855593,7969610,114017,78959,2
247,7895137,8009169,114032,79013,2
248,7934636,8048721,114085,79040,2
249,7974145,8088287,114142,79037,2
250,8013623,8142409,128786,93644,2
251,8053154,8163200,110046,60284,2
252,8092655,8206668,114013,82897,2
253,8132094,8246008,113914,78793,2
254,8171556,8285697,114141,79155,2
255,8211031,8325155,114124,78984,2
256,8250566,8364758,114192,79101,2
257,8290074,8404163,114089,78963,2
258,8329641,8443966,114325,79246,2
259,8369093,8483579,114486,79226,2
260,8408715,8523141,114426,79320,2
261,8448481,8562619,114138,79002,2
262,8488012,8602201,114189,79204,2
263,8527643,8641742,114099,79012,2
264,8567124,8681386,114262,79205,2
265,8606694,8720968,114274,79121,2
266,8646242,8760487,114245,79113,2
267,8685844,8799975,114131,78988,2
268,8725352,8839474,114122,78997,2
269,8764856,8878925,114069,78992,2
270,8804406,8918448,114042,79006,2
271,8843898,8957964,114066,79024,2
272,8883415,9011406,127991,92902,2
273,8922882,9034433,111551,62497,2
274,8962361,9075447,113086,80551,2
275,9001908,9116194,114286,80463,2
276,9041633,9155844,114211,79191,2
277,9081181,9195440,114259,79128,2
278,9120721,9234809,114088,78891,2
279,9160251,9274398,114147,79113,2
280,9199783,9313861,114078,78976,2
281,9239319,9353409,114090,79095,2
282,9278874,9393126,114252,79246,2
283,9318411,9432759,114348,79296,2
284,9358083,9472215,114132,78963,2
285,9397597,9511758,114161,79078,2
286,9437139,9551290,114151,79028,2
287,9476644,9590821,114177,79074,2
288,9516195,9630586,114391,79254,2
289,9555691,9669900,114209,78869,2
290,9595255,9709682,114427,79566,2
291,9635049,9749065,114016,78946,2
292,9674619,9788730,114111,79236,2
293,9714197,9828300,114103,79012,2
294,9753648,9867743,114095,79013,2
295,9793227,9907397,114170,79160,2
296,9832743,9946865,114122,79038,2
297,9872321,9986370,114049,78938,2
298,9911764,10025833,114069,78957,2
299,9951268,10065366,114098,79009,2
300,9990751,10105020,114269,79224,2
301,10030330,10144544,114214,79112,2
302,10069926,10184109,114183,79087,2
303,10109455,10223614,114159,79038,2
304,10148998,10282165,133167,98027,2
305,10188482,10302983,114501,56205,2
306,10223878,10342390,118512,83302,2
307,10267781,10396787,129006,93932,2
308,10307326,10416678,109352,59453,2
309,10346895,10461020,114125,83908,2
310,10386469,10500601,114132,79048,2
311,10425944,10540191,114247,79199,2
312,10465562,10580071,114509,79457,2
313,10505149,10618531,113382,77896,2
314,10544601,10674848,130247,96235,2
315,10584605,10694883,110278,60087,2
316,10695595,10772604,77009,86963,1
317,10705580,10807871,102291,53111,1
318,10723434,10849790,126356,51775,1
319,10733296,10885370,152074,61391,1
320,10759113,10921033,161920,61423,1
321,10784879,10955988,171109,44671,1
322,10794600,11007309,212709,91233,1
323,10834517,11042641,208124,45108,1
324,10844299,11077864,233565,60998,1
325,10870079,11113129,243050,45041,1
326,10879860,11148212,268352,60827,1
327,10905610,11207242,301632,84815,1
328,10931401,11242556,311155,45000,1
329,10941092,11275061,333969,58164,1
330,10966756,11304060,337304,38555,1
331,10976329,11333335,357006,54946,1
332,11002006,11362456,360450,54764,1
333,11027655,11391421,363766,38649,1
334,11037358,11420454,383096,54704,1
335,11063035,11449587,386552,38802,1
336,11072710,11478569,405859,54597,1
337,11098330,11507847,409517,55006,1
338,11124062,11536947,412885,38753,1
339,11133720,11565941,432221,38695,1
340,11143426,11595002,451576,54494,1
341,11168864,11624137,455273,54575,1
342,11194310,11653015,458705,38548,1
343,11203985,11682268,478283,54788,1
344,11229526,11711412,481886,38843,1
345,11239230,11740381,501151,53449,1
346,11263715,11769556,505841,54863,1
347,11289408,11798669,509261,58332,1
348,11318633,11827920,509287,58382,1
349,11347770,11856896,509126,58023,1
350,11376822,11885924,509102,58057,1
351,11405857,11915063,509206,58199,1
352,11434922,11944088,509166,58089,1
353,11463992,11973209,509217,58263,1
354,11493140,12002266,509126,58143,1
355,11522232,12031355,509123,58149,1
356,11551296,12060455,509159,58135,1
357,11580337,12089450,509113,58091,1
358,11609438,12118534,509096,58126,1
359,11638485,12147560,509075,58061,1
360,11667525,12176621,509096,58273,1
361,11696742,12205526,508784,57939,1
362,11725781,12234717,508936,58316,1
363,11754912,12264041,509129,58421,1
364,11784014,12293227,509213,58282,1
365,11813116,12322348,509232,58207,1
366,11842207,12351369,509162,58126,1
367,11871318,12380494,509176,58147,1
368,11900345,12409480,509135,58097,1
369,11929462,12438589,509127,58142,1
370,11958500,12467562,509062,58026,1
371,11987558,12496732,509174,58153,1
372,12016547,12525847,509300,58200,1
373,12045638,12554884,509246,58164,1
374,12074771,12583905,509134,58095,1
375,12103851,12612946,509095,58152,1
376,12132968,12642034,509066,58108,1
377,12161993,12671026,509033,57947,1
378,12190952,12700061,509109,58146,1
379,12220069,12729072,509003,58168,1
380,12249231,12758131,508900,58297,1
381,12278475,12787151,508676,58125,1
382,12307585,12816111,508526,58109,1
383,12336739,12845279,508540,58225,1
384,12365801,12874310,508509,58105,1
385,12394881,12903309,508428,58034,1
386,12423921,12932196,508275,57916,1
387,12452956,12961312,508356,58234,1
388,12482079,12990365,508286,58115,1
389,12511147,13019455,508308,58149,1
390,12540212,13048358,508146,57907,1
391,12569221,13077518,508297,58253,1
392,12598319,13106566,508247,58110,1
393,12627386,13135657,508271,58053,1
394,12656354,13164864,508510,58254,1
395,12685407,13193845,508438,58057,1
396,12714489,13222923,508434,58024,1
397,12743440,13252073,508633,58148,1
398,12772443,13281146,508703,58109,1
399,12801485,13310230,508745,58184,1
400,12830591,13339316,508725,58189,1
401,12859700,13368431,508731,58158,1
402,12888749,13397499,508750,57975,1
403,12917661,13426684,509023,58281,1
404,12946762,13455650,508888,57899,1
405,12975701,13484797,509096,58172,1
406,13004732,13513677,508945,57901,1
407,13033758,13542889,509131,58282,1
408,13062834,13571920,509086,58119,1
409,13091928,13600795,508867,57950,1
410,13121008,13629828,508820,58177,1
411,13150158,13658974,508816,58162,1
412,13179179,13688006,508827,58103,1
413,13208256,13716981,508725,58120,1
414,13237407,13746177,508770,58284,1
415,13266501,13775181,508680,58025,1
416,13295528,13804182,508654,58116,1
417,13324649,13833238,508589,58192,1
418,13353790,13862385,508595,58251,1
419,13382900,13891427,508527,58102,1
420,13411965,13920541,508576,58133,1
421,13440989,13949545,508556,58089,1
422,13470080,13978639,508559,58129,1
423,13499121,14007680,508559,58101,1
424,13528186,14036810,508624,58137,1
425,13557198,14065805,508607,58015,1
426,13586224,14094987,508763,58201,1
427,13615249,14124049,508800,58075,1
428,13644268,14152981,508713,58000,1
429,13673342,14182133,508791,58226,1
430,13702421,14211055,508634,57984,1
431,13731488,14240271,508783,58221,1
432,13760498,14269248,508750,58028,1
433,13789554,14298245,508691,58095,1
434,13818656,14327328,508672,58078,1
435,13847657,14356638,508981,58487,1
436,13876839,14385780,508941,58171,1
437,13905874,14414760,508886,58038,1
438,13934937,14443755,508818,57992,1
439,13963940,14472790,508850,58116,1
440,13993026,14501958,508932,58269,1
441,14022133,14531020,508887,58168,1
442,14051244,14560013,508769,58070,1
443,14080325,14589052,508727,58059,1
444,14109351,14618213,508862,58161,1
445,14138357,14647213,508856,58104,1
446,14167466,14676248,508782,58084,1
447,14196520,14705317,508797,58073,1
448,14225529,14734326,508797,58076,1
449,14254602,14763332,508730,57989,1
450,14283591,14792401,508810,58198,1
451,14312724,14821517,508793,58268,1
452,14341880,14850473,508593,58142,1
453,14371071,14879641,508570,58177,1
454,14400086,14908850,508764,58206,1
455,14429089,14938072,508983,58297,1
456,14458169,14967010,508841,58068,1
457,14487305,14996054,508749,58059,1
458,14516325,15025136,508811,58160,1
459,14545408,15054158,508750,58089,1
460,14574481,15083155,508674,58000,1
461,14603489,15112297,508808,58207,1
462,14632559,15141441,508882,58147,1
463,14661567,15170500,508933,58164,1
464,14690678,15199601,508923,58076,1
465,14719658,15228508,508850,57956,1
466,14748712,15257498,508786,58026,1
467,14777754,15286792,509038,58395,1
468,14806859,15315746,508887,57955,1
469,14835866,15344848,508982,58247,1
470,14865017,15373867,508850,58209,1
471,14894212,15402910,508698,58153,1
472,14923327,15432019,508692,58138,1
473,14952362,15461164,508802,58196,1
474,14981418,15490160,508742,58027,1
475,15010453,15519211,508758,58126,1
476,15039533,15548299,508766,58096,1
477,15068546,15577227,508681,58001,1
478,15097625,15606321,508696,58176,1
479,15126726,15635412,508686,58094,1
480,15155734,15664440,508706,58105,1
481,15184817,15693497,508680,58102,1
482,15213867,15722520,508653,58136,1
483,15242995,15751440,508445,58022,1
484,15272103,15780577,508474,58154,1
485,15301126,15809604,508478,58092,1
486,15330208,15838747,508539,58198,1
487,15359269,15867796,508527,58144,1
488,15388370,15896755,508385,57917,1
489,15417333,15925916,508583,58211,1
490,15446388,15954979,508591,58135,1
491,15475465,15983941,508476,57992,1
492,15504500,16012892,508392,58079,1
493,15533633,16041957,508324,58102,1
494,15562675,16071083,508408,58117,1
495,15591672,16100121,508449,58118,1
496,15620758,16129208,508450,58089,1
497,15649765,16158270,508505,58094,1
498,15678803,16187362,508559,58157,1
499,15707873,16216312,508439,57924,1
500,15736852,16245331,508479,58028,1
501,15765866,16274444,508578,58233,1
502,15794992,16303523,508531,58055,1
503,15823973,16332623,508650,58166,1
504,15853044,16361692,508648,58207,1
505,15882188,16390865,508677,58184,1
506,15911204,16420022,508818,58196,1
507,15940249,16448983,508734,58015,1
508,15969309,16477912,508603,57946,1
509,15998331,16507055,508724,58171,1
510,16027363,16536279,508916,58238,1
511,16056383,16565280,508897,58012,1
512,16085399,16594376,508977,58174,1
513,16114483,16623459,508976,58180,1
514,16143585,16652578,508993,58139,1
515,16172609,16681518,508909,58022,1
516,16201696,16710713,509017,58242,1
517,16230749,16739663,508914,58037,1
518,16259841,16768841,509000,58197,1
519,16288866,16797773,508907,58072,1
520,16318012,16826832,508820,58072,1
521,16347030,16855908,508878,58193,1
522,16376152,16885081,508929,58273,1
523,16405257,16914184,508927,58160,1
524,16434319,16943110,508791,57966,1
525,16463364,16972206,508842,58173,1
526,16492447,17001076,508629,57951,1
527,16521534,17030226,508692,58299,1
528,16550689,17059262,508573,58068,1
529,16579727,17088384,508657,58169,1
530,16608779,17117382,508603,58030,1
531,16637817,17146485,508668,58139,1
532,16666858,17175493,508635,58156,1
533,16696011,17204475,508464,58006,1
534,16725040,17233481,508441,58133,1
535,16754172,17262586,508414,58107,1
536,16783179,17291629,508450,58037,1
537,16812179,17320789,508610,58240,1
538,16841264,17349784,508520,58101,1
539,16870375,17378882,508507,58135,1
540,16899418,17407924,508506,58023,1
541,16928405,17436977,508572,58106,1
542,16957464,17466085,508621,58163,1
543,16986525,17495061,508536,58040,1
544,17015608,17524118,508510,58130,1
545,17044686,17553052,508366,57946,1
546,17073704,17582181,508477,58176,1
547,17102756,17611153,508397,57966,1
548,17131756,17640413,508657,58255,1
549,17160756,17669358,508602,58015,1
550,17189832,17698417,508585,58130,1
551,17218909,17727514,508605,58121,1
552,17247939,17756487,508548,57964,1
553,17276935,17785465,508530,58155,1
554,17306118,17814717,508599,58293,1
555,17335164,17843753,508589,58057,1
556,17364189,17872787,508598,58141,1
557,17393301,17901856,508555,58164,1
558,17422401,17930976,508575,58145,1
559,17451432,17959940,508508,57954,1
560,17480428,17989095,508667,58169,1
561,17509447,18018011,508564,57898,1
562,17538434,18047247,508813,58278,1
563,17567482,18076384,508902,58187,1
564,17596537,18105445,508908,58116,1
565,17625597,18134363,508766,58013,1
566,17654698,18163541,508843,58201,1
567,17683726,18192484,508758,58026,1
568,17712814,18221649,508835,58197,1
569,17741852,18250857,509005,58252,1
570,17770902,18279820,508918,58063,1
571,17800007,18309008,509001,58270,1
572,17829095,18337904,508809,57935,1
573,17858139,18367057,508918,58231,1
574,17887223,18396256,509033,58291,1
575,17916320,18425248,508928,57993,1
576,17945326,18454315,508989,58169,1
577,17974434,18483359,508925,58031,1
578,18003427,18512385,508958,58098,1
579,18032505,18541351,508846,58108,1
580,18061652,18570459,508807,58197,1
581,18090747,18599528,508781,58170,1
582,18119853,18628428,508575,57920,1
583,18148879,18657511,508632,58168,1
584,18177969,18686597,508628,58156,1
585,18207045,18715718,508673,58265,1
586,18236194,18744538,508344,57889,1
587,18265269,18773679,508410,58165,1
588,18294298,18802838,508540,58158,1
589,18323303,18831956,508653,58201,1
590,18352392,18860912,508520,58129,1
591,18381571,18890009,508438,58122,1
592,18410601,18919193,508592,58184,1
593,18439607,18948201,508594,58065,1
594,18468669,18977208,508539,58028,1
595,18497695,19006317,508622,58156,1
596,18526746,19035401,508655,58086,1
597,18555754,19064327,508573,57937,1
598,18584770,19093329,508559,58040,1
599,18613814,19122432,508618,58146,1
600,18642863,19151509,508646,58139,1
601,18671930,19180445,508515,57991,1
602,18700991,19209627,508636,58126,1
603,18729940,19238628,508688,58108,1
604,18759051,19267756,508705,58289,1
605,18788218,19296906,508688,58144,1
606,18817217,19325957,508740,58161,1
607,18846331,19354943,508612,58084,1
608,18875435,19383933,508498,58025,1
609,18904476,19413021,508545,58172,1
610,18933565,19442110,508545,58153,1
611,18962634,19471132,508498,58036,1
612,18991654,19500180,508526,58086,1
613,19020698,19529081,508383,57882,1
614,19049684,19558256,508572,58167,1
615,19078680,19587397,508717,58252,1
616,19107797,19616526,508729,58104,1
617,19136778,19645513,508735,58019,1
618,19165816,19674544,508728,58127,1
619,19194917,19703617,508700,58085,1
620,19223935,19732763,508828,58250,1
621,19253043,19761734,508691,58110,1
622,19282188,19790914,508726,58249,1
623,19311263,19819947,508684,57975,1
624,19340210,19849104,508894,58166,1
625,19369225,19878143,508918,58161,1
626,19398352,19907228,508876,58147,1
627,19427420,19936315,508895,58086,1
628,19456425,19965230,508805,57950,1
629,19485466,19994260,508794,58038,1
630,19514480,20023210,508730,57996,1
631,19543531,20052284,508753,58198,1
632,19572661,20081326,508665,58262,1
633,19601887,20110377,508490,58062,1
634,19630904,20139432,508528,58038,1
635,19659900,20168529,508629,58138,1
636,19688946,20197515,508569,58085,1
637,19718050,20226789,508739,58378,1
638,19747168,20255810,508642,58051,1
639,19776204,20284748,508544,58077,1
640,19805348,20313731,508383,58056,1
641,19834425,20342885,508460,58169,1
642,19863445,20371991,508546,58220,1
643,19892564,20400945,508381,57983,1
644,19921598,20430079,508481,58089,1
645,19950557,20459038,508481,57986,1
646,19979590,20488259,508669,58176,1
647,20008549,20517260,508711,58066,1
648,20037620,20546214,508594,58053,1
649,20066725,20575280,508555,58055,1
650,20095719,20604321,508602,58155,1
651,20124837,20633390,508553,58099,1
652,20153873,20662458,508585,58144,1
653,20182954,20691657,508703,58261,1
654,20212021,20720863,508842,58242,1
655,20241063,20749739,508676,57894,1
656,20270100,20778827,508727,58118,1
657,20299136,20807903,508767,58130,1
658,20328195,20836985,508790,58131,1
659,20357250,20865995,508745,58051,1
660,20386297,20895133,508836,58188,1
661,20415353,20924141,508788,58021,1
662,20444372,20953170,508798,58152,1
663,20473501,20982250,508749,58157,1
664,20502584,21011460,508876,58212,1
665,20531592,21040393,508801,57970,1
666,20560635,21069392,508757,58046,1
667,20589688,21098306,508618,57960,1
668,20618740,21127323,508583,58109,1
669,20647837,21156459,508622,58247,1
670,20676953,21185515,508562,58206,1
671,20706109,21214509,508400,58062,1
672,20735183,21243629,508446,58155,1
673,20764223,21272802,508579,58175,1
674,20793229,21301848,508619,58163,1
675,20822352,21330954,508602,58176,1
676,20851427,21360054,508627,58114,1
677,20880446,21389062,508616,58053,1
678,20909497,21418016,508519,57983,1
679,20938531,21447136,508605,58231,1
680,20967647,21476190,508543,58139,1
681,20996738,21505029,508291,57805,1
682,21025710,21534305,508595,58284,1
683,21054724,21563234,508510,57931,1
684,21083731,21592277,508546,58021,1
685,21112714,21621268,508554,58063,1
686,21141792,21650288,508496,58102,1
687,21170878,21679447,508569,58167,1
688,21199891,21708497,508606,58182,1
689,21229028,21737505,508477,58128,1
690,21258154,21766583,508429,58104,1
691,21287185,21795569,508384,58031,1
692,21316235,21824756,508521,58337,1
693,21345391,21853691,508300,57989,1
694,21374449,21882711,508262,58022,1
695,21403456,21911876,508420,58175,1
696,21432472,21940943,508471,58071,1
697,21461482,21969902,508420,57896,1
698,21490425,21999086,508661,58352,1
699,21519598,22028079,508481,57974,1
700,21548585,22057251,508666,58242,1
701,21577660,22086333,508673,58082,1
702,21606664,22115371,508707,58048,1
703,21635680,22144297,508617,57970,1
704,21664728,22173477,508749,58278,1
705,21693831,22202561,508730,58090,1
706,21722842,22231632,508790,58133,1
707,21751910,22260694,508784,58086,1
708,21780940,22289866,508926,58334,1
709,21810107,22318908,508801,57975,1
710,21839046,22348138,509092,58258,1
711,21868079,22377327,509248,58280,1
712,21897174,22406172,508998,57956,1
713,21926291,22435395,509104,58260,1
714,21955334,22464417,509083,58086,1
715,21984403,22493472,509069,58102,1
716,22013456,22522562,509106,58234,1
717,22042604,22551550,508946,58013,1
718,22071634,22580706,509072,58159,1
719,22100642,22609590,508948,57896,1
720,22129659,22638706,509047,58230,1
721,22158779,22667749,508970,58110,1
722,22187852,22696751,508899,58116,1
723,22216970,22725979,509009,58364,1
724,22246127,22754799,508672,57843,1
725,22275156,22783829,508673,58099,1
726,22304231,22812791,508560,58109,1
727,22333383,22841901,508518,58320,1
728,22362598,22870935,508337,58029,1
729,22391599,22900072,508473,58231,1
730,22420698,22929097,508399,58114,1
731,22449792,22958179,508387,58169,1
732,22478884,22987351,508467,58165,1
733,22507882,23016391,508509,58104,1
734,22536951,23045343,508392,57919,1
735,22565923,23074411,508488,58121,1
736,22594981,23103471,508490,58059,1
737,22623986,23132568,508582,58204,1
738,22653099,23161692,508593,58206,1
739,22682187,23190705,508518,58049,1
740,22711229,23219738,508509,57982,1
741,22740184,23248915,508731,58142,1
742,22769155,23277994,508839,58096,1
743,22798176,23307111,508935,58125,1
744,22827189,23336247,509058,58233,1
745,22856290,23365420,509130,58267,1
746,22885389,23394491,509102,58069,1
747,22914392,23423641,509249,58226,1
748,22943474,23452663,509189,58127,1
749,22972584,23481658,509074,58100,1
750,23001694,23510679,508985,58019,1
751,23030698,23539907,509209,58222,1
752,23059698,23568774,509076,57950,1
753,23088786,23597769,508983,58067,1
754,23117864,23626801,508937,58156,1
755,23146993,23655925,508932,58206,1
756,23176081,23685055,508974,58136,1
757,23205092,23714297,509205,58383,1
758,23234238,23743256,509018,58119,1
759,23263404,23772264,508860,58068,1
760,23292470,23801324,508854,58183,1
761,23321598,23830467,508869,58244,1
762,23350705,23859422,508717,58030,1
763,23379786,23888672,508886,58375,1
764,23408917,23917773,508856,58158,1
765,23437979,23946822,508843,58067,1
766,23467002,23975858,508856,58101,1
767,23496072,24004978,508906,58186,1
768,23525144,24033891,508747,57952,1
769,23554189,24062953,508764,57998,1
770,23583130,24092037,508907,58105,1
771,23612156,24120999,508843,58110,1
772,23641309,24150137,508828,58257,1
773,23670432,24179127,508695,58131,1
774,23699579,24208232,508653,58133,1
775,23728613,24237179,508566,57973,1
776,23757644,24266244,508600,58152,1
777,23786737,24295347,508610,58181,1
778,23815821,24324378,508557,58060,1
779,23844856,24353444,508588,58208,1
780,23874004,24382503,508499,58100,1
781,23903050,24411575,508525,58158,1
782,23932141,24440598,508457,58115,1
783,23961239,24469689,508450,58153,1
784,23990305,24498960,508655,58237,1
785,24019276,24528037,508761,58119,1
786,24048323,24556972,508649,57939,1
787,24077340,24586174,508834,58226,1
788,24106369,24615129,508760,58029,1
789,24135448,24644166,508718,58050,1
790,24164475,24673102,508627,57997,1
791,24193541,24702203,508662,58101,1
792,24222546,24731360,508814,58186,1
793,24251581,24760435,508854,58202,1
794,24280714,24789498,508784,58085,1
795,24309742,24818448,508706,57972,1
796,24338770,24847667,508897,58291,1
797,24367848,24876669,508821,58068,1
798,24396919,24905680,508761,58132,1
799,24426046,24934991,508945,58434,1
800,24455175,24963853,508678,57941,1
801,24484260,24992881,508621,58080,1
802,24513318,25021914,508596,58094,1
803,24542385,25051079,508694,58170,1
804,24571395,25080168,508773,58147,1
805,24600459,25109144,508685,58040,1
806,24629529,25138245,508716,58098,1
807,24658531,25167382,508851,58162,1
808,24687562,25196455,508893,58207,1
809,24716701,25225416,508715,58026,1
810,24745772,25254475,508703,58058,1
811,24774776,25283382,508606,57971,1
812,24803845,25312439,508594,58212,1
813,24833006,25341516,508510,58207,1
814,24862142,25370524,508382,57967,1
815,24891107,25399696,508589,58286,1
816,24920227,25428848,508621,58226,1
817,24949306,25457722,508416,57852,1
818,24978290,25486929,508639,58235,1
819,25007323,25515932,508609,58056,1
820,25036382,25544911,508529,58035,1
821,25065444,25574037,508593,58248,1
822,25094571,25603031,508460,58028,1
823,25123612,25632139,508527,58192,1
824,25152701,25661275,508574,58197,1
825,25181768,25690329,508561,58053,1
826,25210773,25719421,508648,58063,1
827,25239750,25748329,508579,57914,1
828,25268762,25777555,508793,58265,1
829,25297807,25806657,508850,58193,1
830,25326904,25835612,508708,57951,1
831,25355905,25864649,508744,58160,1
832,25385033,25893799,508766,58225,1
833,25414113,25922659,508546,57809,1
834,25443067,25951850,508783,58259,1
835,25472140,25980806,508666,58070,1
836,25501260,26009844,508584,58086,1
837,25530313,26038996,508683,58202,1
838,25559369,26067926,508557,57969,1
839,25588412,26097018,508606,58163,1
840,25617489,26126077,508588,58173,1
841,25646608,26155065,508457,58009,1
842,25675635,26184262,508627,58311,1
843,25704755,26213247,508492,57949,1
844,25733725,26242227,508502,58042,1
845,25762792,26271355,508563,58241,1
846,25791909,26300386,508477,58097,1
847,25820980,26329637,508657,58354,1
848,25850089,26358792,508703,58167,1
849,25879106,26387748,508642,57946,1
850,25908102,26416848,508746,58177,1
851,25937185,26445893,508708,58016,1
852,25966160,26474920,508760,58065,1
853,25995203,26503904,508701,58071,1
854,26024296,26533024,508728,58157,1
855,26053339,26562160,508821,58118,1
856,26082327,26588398,506071,55265,1
857,26111360,26612632,501272,53274,1
858,26140403,26636956,496553,53448,1
859,26169529,26661185,491656,53260,1
860,26198564,26685567,487003,53477,1
861,26227663,26709896,482233,53354,1
862,26256691,26734080,477389,53274,1
863,26285783,26758335,472552,53349,1
864,26314881,26782584,467703,53360,1
865,26343995,26806738,462743,53269,1
866,26373114,26830931,457817,53259,1
867,26402182,26854641,452459,52718,1
868,26431194,26878250,447056,52588,1
869,26460177,26901935,441758,52802,1
870,26489298,26925566,436268,52694,1
