it,start,end,latency,sol,period
1,0,86955,86955,1,50561
2,15068,137516,122448,1,50561
3,25394,187507,162113,1,50390
4,36037,237330,201293,1,50219
5,66469,286803,220334,1,49995
6,117172,336206,219034,1,49817
7,167228,385648,218420,1,49705
8,217073,435019,217946,1,49604
9,266513,484384,217871,1,49532
10,315933,534008,218075,1,49560
11,365375,583353,217978,1,49495
12,414747,633706,218959,1,49752
13,464109,683441,219332,1,49747
14,513693,733346,219653,1,49794
15,563081,782903,219822,1,49723
16,613389,832275,218886,1,49618
17,663162,881756,218594,1,49576
18,713043,931127,218084,1,49515
19,762635,980508,217873,1,49474
20,812025,1029837,217812,1,49431
21,861456,1079224,217768,1,49417
22,910847,1128518,217671,1,49380
23,960223,1177905,217682,1,49382
24,1009618,1227939,218321,1,49578
25,1058909,1277329,218420,1,49521
26,1108286,1327039,218753,1,49578
27,1157612,1376416,218804,1,49517
28,1207632,1425787,218155,1,49473
29,1257056,1475140,218084,1,49437
30,1306756,1524488,217732,1,49410
31,1356122,1573968,217846,1,49431
32,1405513,1623253,217740,1,49387
33,1454894,1672628,217734,1,49383
34,1504285,1721974,217689,1,49372
35,1553649,1771440,217791,1,49400
36,1603065,1821546,218481,1,49612
37,1652382,1871242,218860,1,49637
38,1701703,1921097,219394,1,49702
39,1751182,1970806,219624,1,49704
40,1801070,2020203,219133,1,49612
41,1851017,2069509,218492,1,49520
42,1900828,2118916,218088,1,49486
43,1950563,2168250,217687,1,49440
44,1999938,2217575,217637,1,49405
45,2049284,2266956,217672,1,49398
46,2098659,2316314,217655,1,49386
47,2147994,2365670,217676,1,49377
48,2197339,2415394,218055,1,49481
49,2246685,2464840,218155,1,49470
50,2296046,2514211,218165,1,49440
51,2345397,2563618,218221,1,49430
52,2394777,2613094,218317,1,49444
53,2444567,2662775,218208,1,49515
54,2493940,2712060,218120,1,49446
55,2543302,2761444,218142,1,49427
56,2592745,2810860,218115,1,49424
57,2642516,2860418,217902,1,49464
58,2691881,2909785,217904,1,49435
59,2741187,2959143,217956,1,49411
60,2790592,3008724,218132,1,49462
61,2840116,3058337,218221,1,49507
62,2889524,3108026,218502,1,49562
63,2938873,3157415,218542,1,49510
64,2988248,3206772,218524,1,49464
65,3038077,3256104,218027,1,49424
66,3087699,3305441,217742,1,49398
67,3137179,3354884,217705,1,49411
68,3186528,3404225,217697,1,49390
69,3235863,3453548,217685,1,49370
70,3285214,3502963,217749,1,49383
71,3334592,3552407,217815,1,49401
72,3383964,3601812,217848,1,49402
73,3433297,3652018,218721,1,49643
74,3482708,3701338,218630,1,49546
75,3532133,3750726,218593,1,49499
76,3581539,3800072,218533,1,49453
77,3631784,3849436,217652,1,49426
78,3681116,3898766,217650,1,49397
79,3730441,3948107,217666,1,49380
80,3779828,3997480,217652,1,49378
81,3829163,4046834,217671,1,49370
82,3878476,4096229,217753,1,49378
83,3927836,4145581,217745,1,49370
84,3977212,4194994,217782,1,49383
85,4026575,4245235,218660,1,49640
86,4075925,4295126,219201,1,49715
87,4125316,4344947,219631,1,49747
88,4174679,4394345,219666,1,49642
89,4224951,4443679,218728,1,49549
90,4274816,4493024,218208,1,49488
91,4324682,4542392,217710,1,49452
92,4374044,4591803,217759,1,49439
93,4423399,4641328,217929,1,49465
94,4472722,4690978,218256,1,49520
95,4522137,4740347,218210,1,49475
96,4571523,4789791,218268,1,49465
97,4621045,4839918,218873,1,49664
98,4670651,4889730,219079,1,49708
99,4720073,4939530,219457,1,49735
100,4769519,4988941,219422,1,49638
101,4819607,5038447,218840,1,49598
102,4869491,5087862,218371,1,49543
103,4919283,5137216,217933,1,49486
104,4968624,5186616,217992,1,49460
105,5018177,5235940,217763,1,49419
106,5067543,5285331,217788,1,49411
107,5116979,5334678,217699,1,49391
108,5166333,5384086,217753,1,49396
109,5215725,5434186,218461,1,49607
110,5265049,5483928,218879,1,49647
111,5314425,5533844,219419,1,49728
112,5363828,5583410,219582,1,49679
113,5413921,5632789,218868,1,49589
114,5463659,5682179,218520,1,49529
115,5513542,5731549,218007,1,49481
116,5563106,5780926,217820,1,49450
117,5612510,5830376,217866,1,49450
118,5661888,5879707,217819,1,49414
119,5711277,5929093,217816,1,49405
120,5760653,5978443,217790,1,49389
121,5810074,6028374,218300,1,49551
122,5859471,6077777,218306,1,49507
123,5908837,6127170,218333,1,49472
124,5958156,6176510,218354,1,49433
125,6007986,6225923,217937,1,49427
126,6057527,6275310,217783,1,49415
127,6106899,6324647,217748,1,49391
128,6156248,6374063,217815,1,49398
129,6205638,6423737,218099,1,49481
130,6255031,6473092,218061,1,49443
131,6304410,6522523,218113,1,49439
132,6353790,6571835,218045,1,49401
133,6403501,6621489,217988,1,49477
134,6452861,6671137,218276,1,49528
135,6502253,6720565,218312,1,49498
136,6551571,6769959,218388,1,49467
137,6600956,6819346,218390,1,49443
138,6650867,6868894,218027,1,49474
139,6700290,6918279,217989,1,49447
140,6749673,6967607,217934,1,49411
141,6799091,7016893,217802,1,49374
142,6848634,7066257,217623,1,49371
143,6898024,7115604,217580,1,49363
144,6947371,7164933,217562,1,49353
145,6996692,7214669,217977,1,49468
146,7045986,7264257,218271,1,49504
147,7095361,7313642,218281,1,49468
148,7144698,7363000,218302,1,49435
149,7194047,7412356,218309,1,49411
150,7243990,7461691,217701,1,49388
151,7293370,7511063,217693,1,49383
152,7342762,7560492,217730,1,49397
153,7392142,7609828,217686,1,49378
154,7441472,7659216,217744,1,49381
155,7490837,7708576,217739,1,49375
156,7540237,7758184,217947,1,49444
157,7589622,7807670,218048,1,49457
158,7638987,7857735,218748,1,49639
159,7688329,7907585,219256,1,49702
160,7737842,7957422,219580,1,49743
161,7787431,8006746,219315,1,49617
162,7837450,8056108,218658,1,49540
163,7887321,8105459,218138,1,49483
164,7937184,8154815,217631,1,49445
165,7986525,8204143,217618,1,49410
166,8035871,8253490,217619,1,49391
167,8085204,8303070,217866,1,49447
168,8134550,8352420,217870,1,49418
169,8183890,8401906,218016,1,49438
170,8233225,8452167,218942,1,49685
171,8282822,8502083,219261,1,49754
172,8332164,8551875,219711,1,49765
173,8381598,8601243,219645,1,49646
174,8431944,8650596,218652,1,49558
175,8481768,8699924,218156,1,49489
176,8531665,8749303,217638,1,49456
177,8581007,8798697,217690,1,49437
178,8630342,8848090,217748,1,49424
179,8679667,8897462,217795,1,49408
180,8728963,8946831,217868,1,49396
181,8778394,8996192,217798,1,49385
182,8827787,9046270,218483,1,49593
183,8877164,9095660,218496,1,49532
184,8926574,9145121,218547,1,49511
185,8975922,9194499,218577,1,49471
186,9025990,9243824,217834,1,49427
187,9075375,9293181,217806,1,49406
188,9124894,9342499,217605,1,49379
189,9174204,9391941,217737,1,49398
190,9223552,9441293,217741,1,49384
191,9272887,9490687,217800,1,49387
192,9322254,9540068,217814,1,49385
193,9371645,9589437,217792,1,49380
194,9421035,9639638,218603,1,49626
195,9470386,9689444,219058,1,49680
196,9519778,9739353,219575,1,49749
197,9569164,9788721,219557,1,49634
198,9619210,9838367,219157,1,49638
199,9669223,9887812,218589,1,49580
200,9719094,9937167,218073,1,49512
201,9768465,9986539,218074,1,49470
202,9818111,10035967,217856,1,49457
203,9867471,10085319,217848,1,49425
204,9916893,10134684,217791,1,49407
205,9966248,10184059,217811,1,49397
206,10015741,10233957,218216,1,49547
207,10065065,10283365,218300,1,49505
208,10114428,10332712,218284,1,49458
209,10163774,10382103,218329,1,49438
210,10213424,10431490,218066,1,49422
211,10263064,10480846,217782,1,49402
212,10312426,10530374,217948,1,49440
213,10361801,10579752,217951,1,49421
214,10411222,10629242,218020,1,49442
215,10460574,10678568,217994,1,49407
216,10510116,10727962,217846,1,49403
217,10559485,10777304,217819,1,49384
218,10608959,10827233,218274,1,49548
219,10658334,10877170,218836,1,49664
220,10707728,10926995,219267,1,49712
221,10757077,10976584,219507,1,49675
222,10806720,11026028,219308,1,49606
223,10856889,11075390,218501,1,49532
224,10906745,11124756,218011,1,49482
225,10956352,11174125,217773,1,49448
226,11005714,11223486,217772,1,49422
227,11055107,11272837,217730,1,49400
228,11104510,11322169,217659,1,49380
229,11153878,11371594,217716,1,49393
230,11203237,11420949,217712,1,49382
231,11252603,11470281,217678,1,49367
232,11301919,11519755,217836,1,49399
233,11351332,11569191,217859,1,49410
234,11400675,11618763,218088,1,49458
235,11450040,11668160,218120,1,49440
236,11499505,11717513,218008,1,49414
237,11548879,11766900,218021,1,49405
238,11598419,11816207,217788,1,49376
239,11647909,11865638,217729,1,49392
240,11697257,11914988,217731,1,49379
241,11746645,11964321,217676,1,49365
242,11795978,12013666,217688,1,49359
243,11845418,12063003,217585,1,49352
244,11894740,12112400,217660,1,49366
245,11944049,12161743,217694,1,49359
246,11993411,12211102,217691,1,49359
247,12042748,12260381,217633,1,49335
248,12092115,12309746,217631,1,49344
249,12141487,12359055,217568,1,49333
250,12190865,12408414,217549,1,49341
251,12240160,12457751,217591,1,49339
252,12289505,12507106,217601,1,49344
253,12338837,12556403,217566,1,49330
254,12388206,12605771,217565,1,49341
255,12437518,12655307,217789,1,49399
256,12486871,12704714,217843,1,49402
257,12536167,12754102,217935,1,49397
258,12585505,12803459,217954,1,49385
259,12635023,12852801,217778,1,49372
260,12684438,12902159,217721,1,49368
261,12733809,12951502,217693,1,49360
262,12783190,13000852,217662,1,49357
263,12832552,13050229,217677,1,49363
264,12881882,13099615,217733,1,49370
265,12931259,13148956,217697,1,49361
266,12980605,13198293,217688,1,49354
267,13029957,13247629,217672,1,49348
268,13079317,13297005,217688,1,49356
269,13128675,13346407,217732,1,49370
270,13178001,13395851,217850,1,49392
271,13227392,13445227,217835,1,49387
272,13276726,13494566,217840,1,49372
273,13326089,13543969,217880,1,49381
274,13375578,13593354,217776,1,49382
275,13424966,13642731,217765,1,49381
276,13474318,13692138,217820,1,49388
277,13523692,13741460,217768,1,49368
278,13573060,13790896,217836,1,49388
279,13622493,13840275,217782,1,49385
280,13671856,13889719,217863,1,49403
281,13721162,13939081,217919,1,49390
282,13770544,13988443,217899,1,49382
283,13820052,14037727,217675,1,49352
284,13869396,14087336,217940,1,49429
285,13918794,14136663,217869,1,49398
286,13968188,14186004,217816,1,49381
287,14017506,14235344,217838,1,49369
288,14067071,14284651,217580,1,49350
289,14116449,14334094,217645,1,49378
290,14165736,14383528,217792,1,49394
291,14215079,14432922,217843,1,49394
292,14264398,14482269,217871,1,49380
293,14313760,14531645,217885,1,49379
294,14363271,14580977,217706,1,49364
295,14412648,14630328,217680,1,49360
296,14462043,14679639,217596,1,49345
297,14511400,14729020,217620,1,49356
298,14560736,14778446,217710,1,49377
299,14610084,14827817,217733,1,49375
300,14659389,14877425,218036,1,49445
301,14708769,14926802,218033,1,49424
302,14758174,14976176,218002,1,49409
303,14807566,15026529,218963,1,49692
304,14857180,15079657,222477,1,50723
305,14906562,15130331,223769,1,50708
306,14955924,15180537,224613,1,50557
307,15005844,15230589,224745,1,50405
308,15056999,15280163,223164,1,50156
309,15280571,15362040,81469,1,59672
310,15290358,15412666,122308,1,56958
311,15300908,15463151,162243,1,55016
312,15311236,15512538,201302,1,53327
313,15341535,15562003,220468,1,52168
314,15392313,15611846,219533,1,51471
315,15442894,15661533,218639,1,50935
316,15492239,15710909,218670,1,50467
317,15541723,15760271,218548,1,50136
318,15591116,15809644,218528,1,49907
319,15641303,15859071,217768,1,49763
320,15690690,15908413,217723,1,49636
321,15740023,15957783,217760,1,49556
322,15789357,16007145,217788,1,49498
323,15838778,16056436,217658,1,49436
324,15888181,16105813,217632,1,49418
325,15937528,16155143,217615,1,49391
326,15986873,16204531,217658,1,49390
327,16036204,16254741,218537,1,49636
328,16085521,16304128,218607,1,49561
329,16134903,16353507,218604,1,49506
330,16184222,16402969,218747,1,49493
331,16234496,16452303,217807,1,49445
332,16283817,16501665,217848,1,49420
333,16333240,16551050,217810,1,49409
334,16382676,16600404,217728,1,49393
335,16432052,16649846,217794,1,49407
336,16481374,16699220,217846,1,49397
337,16530765,16748781,218016,1,49446
338,16580127,16798267,218140,1,49458
339,16629621,16848641,219020,1,49733
340,16678940,16898671,219731,1,49822
341,16728431,16948447,220016,1,49808
342,16777962,16997797,219835,1,49670
343,16828325,17047122,218797,1,49567
344,16878357,17096503,218146,1,49511
345,16928217,17145796,217579,1,49445
346,16977530,17195204,217674,1,49434
347,17026886,17244544,217658,1,49406
348,17076203,17293982,217779,1,49415
349,17125567,17343325,217758,1,49393
350,17174916,17392757,217841,1,49405
351,17224263,17442773,218510,1,49588
352,17273653,17492124,218471,1,49517
353,17323062,17541521,218459,1,49481
354,17372470,17591024,218554,1,49487
355,17422455,17640360,217905,1,49442
356,17471865,17689678,217813,1,49404
357,17521216,17739009,217793,1,49382
358,17570793,17788399,217606,1,49384
359,17620115,17837840,217725,1,49401
360,17669440,17887430,217990,1,49458
361,17718765,17936772,218007,1,49423
362,17768128,17986194,218066,1,49422
363,17817523,18036234,218711,1,49608
364,17867098,18085597,218499,1,49534
365,17916518,18134961,218443,1,49483
366,17965922,18184255,218333,1,49426
367,18015915,18233598,217683,1,49401
368,18065365,18282941,217576,1,49383
369,18114712,18332273,217561,1,49368
370,18164005,18381676,217671,1,49378
371,18213358,18431076,217718,1,49385
372,18262680,18480450,217770,1,49381
373,18312025,18529927,217902,1,49410
374,18361416,18579289,217873,1,49395
375,18410822,18629076,218254,1,49513
376,18460158,18678402,218244,1,49457
377,18509619,18727801,218182,1,49439
378,18559028,18777152,218124,1,49413
379,18608531,18826588,218057,1,49419
380,18658235,18876213,217978,1,49481
381,18707556,18925577,218021,1,49446
382,18756908,18974919,218011,1,49414
383,18806299,19024292,217993,1,49402
384,18855951,19073646,217695,1,49387
385,18905311,19123034,217723,1,49387
386,18954670,19172302,217632,1,49351
387,19004035,19221818,217783,1,49401
388,19053383,19271380,217997,1,49449
389,19102762,19320722,217960,1,49417
390,19152087,19370120,218033,1,49411
391,19201406,19419443,218037,1,49384
392,19251156,19468772,217616,1,49368
393,19300497,19518179,217682,1,49379
394,19349871,19567613,217742,1,49396
395,19399208,19616987,217779,1,49389
396,19448514,19666374,217860,1,49388
397,19497949,19715746,217797,1,49383
398,19547348,19765418,218070,1,49470
399,19596738,19815306,218568,1,49595
400,19646103,19865098,218995,1,49654
401,19695492,19914954,219462,1,49714
402,19745169,19964769,219600,1,49744
403,19794671,20014162,219491,1,49639
404,19844857,20063665,218808,1,49598
405,19894683,20113054,218371,1,49535
406,19944497,20162413,217916,1,49482
407,19993816,20211774,217958,1,49446
408,20043403,20261073,217670,1,49402
409,20092798,20310452,217654,1,49395
410,20142136,20359858,217722,1,49398
411,20191483,20409219,217736,1,49387
412,20240846,20459336,218490,1,49606
413,20290228,20508726,218498,1,49541
414,20339577,20558174,218597,1,49513
415,20388955,20607668,218713,1,49507
416,20439070,20657035,217965,1,49465
417,20488421,20706377,217956,1,49428
418,20537961,20755836,217875,1,49437
419,20587368,20805229,217861,1,49424
420,20636756,20854618,217862,1,49413
421,20686105,20903958,217853,1,49391
422,20735576,20953308,217732,1,49379
423,20784897,21002723,217826,1,49389
424,20834378,21052951,218573,1,49641
425,20883729,21102382,218653,1,49578
426,20933104,21151705,218601,1,49501
427,20982424,21201098,218674,1,49469
428,21032652,21250477,217825,1,49442
429,21082054,21299794,217740,1,49404
430,21131475,21349112,217637,1,49378
431,21180817,21398468,217651,1,49371
432,21230208,21447844,217636,1,49373
433,21279527,21497200,217673,1,49367
434,21328891,21546615,217724,1,49382
435,21378211,21595907,217696,1,49355
436,21427558,21646116,218558,1,49611
437,21476932,21696023,219091,1,49699
438,21526279,21745945,219666,1,49766
439,21575667,21795229,219562,1,49621
440,21625729,21844596,218867,1,49545
441,21675702,21893981,218279,1,49497
442,21725618,21943333,217715,1,49453
443,21775008,21992627,217619,1,49405
444,21824369,22042337,217968,1,49497
445,21873673,22091768,218095,1,49477
446,21923081,22141101,218020,1,49433
447,21972403,22190459,218056,1,49411
448,22021805,22240474,218669,1,49592
449,22071504,22289964,218460,1,49561
450,22120844,22339351,218507,1,49509
451,22170224,22388618,218394,1,49436
452,22220141,22438017,217876,1,49425
453,22269621,22487348,217727,1,49397
454,22319084,22536698,217614,1,49382
455,22368422,22586099,217677,1,49388
456,22417739,22635443,217704,1,49375
457,22467091,22684763,217672,1,49358
458,22516479,22734165,217686,1,49371
459,22565796,22783529,217733,1,49369
460,22615176,22833156,217980,1,49446
461,22664501,22882744,218243,1,49489
462,22713880,22932075,218195,1,49441
463,22763283,22981405,218122,1,49408
464,22812685,23030749,218064,1,49388
465,22862487,23080074,217587,1,49369
466,22911838,23129443,217605,1,49369
467,22961159,23178794,217635,1,49363
468,23010519,23228129,217610,1,49355
469,23059829,23277489,217660,1,49356
470,23109191,23326887,217696,1,49369
471,23158539,23376274,217735,1,49374
472,23207888,23426106,218218,1,49511
473,23257210,23475741,218531,1,49548
474,23306598,23525180,218582,1,49515
475,23356002,23574526,218524,1,49464
476,23405403,23624016,218613,1,49472
477,23455487,23673578,218091,1,49499
478,23504871,23722935,218064,1,49456
479,23554283,23772276,217993,1,49421
480,23603777,23821603,217826,1,49393
481,23653330,23871043,217713,1,49407
482,23702688,23920404,217716,1,49393
483,23752034,23969770,217736,1,49385
484,23801376,24019419,218043,1,49464
485,23850771,24069307,218536,1,49591
486,23900132,24118740,218608,1,49543
487,23949494,24168063,218569,1,49477
488,23998850,24217424,218574,1,49442
489,24049055,24266788,217733,1,49419
490,24098518,24316161,217643,1,49405
491,24147827,24365441,217614,1,49367
492,24197175,24414811,217636,1,49368
493,24246515,24464152,217637,1,49360
494,24295905,24513561,217656,1,49374
495,24345213,24562941,217728,1,49376
496,24394529,24612290,217761,1,49368
497,24443898,24662471,218573,1,49612
498,24493288,24711834,218546,1,49537
499,24542664,24761297,218633,1,49515
500,24592026,24810711,218685,1,49484
501,24642217,24860110,217893,1,49458
502,24691588,24909447,217859,1,49422
503,24741070,24958760,217690,1,49389
504,24790421,25008141,217720,1,49387
505,24839855,25057651,217796,1,49423
506,24889136,25107096,217960,1,49430
507,24938501,25156402,217901,1,49392
508,24987851,25205789,217938,1,49391
509,25037399,25255900,218501,1,49607
510,25086766,25305265,218499,1,49534
511,25136178,25354668,218490,1,49495
512,25185516,25403991,218475,1,49443
513,25235647,25453289,217642,1,49399
514,25284992,25502741,217749,1,49415
515,25334369,25552214,217845,1,49432
516,25383711,25601603,217892,1,49419
517,25433014,25651000,217986,1,49412
518,25482378,25700358,217980,1,49396
519,25531923,25749725,217802,1,49387
520,25581292,25799130,217838,1,49392
521,25630694,25849300,218606,1,49625
522,25680090,25898734,218644,1,49568
523,25729441,25948030,218589,1,49486
524,25778830,25997335,218505,1,49432
525,25829075,26046695,217620,1,49410
526,25878413,26096077,217664,1,49401
527,25927764,26145465,217701,1,49397
528,25977062,26194856,217794,1,49395
529,26026440,26244218,217778,1,49385
530,26075790,26293558,217768,1,49371
531,26125179,26342941,217762,1,49375
532,26174573,26392297,217724,1,49369
533,26223974,26441623,217649,1,49356
534,26273327,26490997,217670,1,49361
535,26322670,26540552,217882,1,49419
536,26372039,26589874,217835,1,49390
537,26421385,26639360,217975,1,49419
538,26470733,26688722,217989,1,49401
539,26520284,26738388,218104,1,49481
540,26569617,26787860,218243,1,49478
541,26619081,26837260,218179,1,49454
542,26668459,26886744,218285,1,49463
543,26718097,26936039,217942,1,49413
544,26767603,26985360,217757,1,49385
545,26817019,27034726,217707,1,49379
546,26866505,27084052,217547,1,49363
547,26915837,27133391,217554,1,49356
548,26965133,27182761,217628,1,49360
549,27014491,27232164,217673,1,49373
550,27063793,27281530,217737,1,49370
551,27113136,27330925,217789,1,49378
552,27162515,27380240,217725,1,49359
553,27211876,27429575,217699,1,49351
554,27261268,27478910,217642,1,49346
555,27310643,27528323,217680,1,49366
556,27359995,27577692,217697,1,49367
557,27409343,27627047,217704,1,49363
558,27458666,27676351,217685,1,49345
559,27508042,27725754,217712,1,49362
560,27557439,27775120,217681,1,49363
561,27606778,27824483,217705,1,49363
562,27656130,27873937,217807,1,49390
563,27705489,27923309,217820,1,49385
564,27754865,27972596,217731,1,49355
565,27804229,28022007,217778,1,49372
566,27853619,28071339,217720,1,49360
567,27903037,28120675,217638,1,49352
568,27952372,28170093,217721,1,49372
569,28001706,28219481,217775,1,49377
570,28051097,28268807,217710,1,49361
571,28100457,28318194,217737,1,49369
572,28149790,28367529,217739,1,49359
573,28199197,28416878,217681,1,49356
574,28248534,28466233,217699,1,49355
575,28297948,28515620,217672,1,49365
576,28347263,28564930,217667,1,49348
577,28396593,28614306,217713,1,49356
578,28445979,28663641,217662,1,49350
579,28495356,28712979,217623,1,49346
580,28544706,28762506,217800,1,49400
581,28594037,28811867,217830,1,49388
582,28643399,28861264,217865,1,49391
583,28692754,28910618,217864,1,49380
584,28742246,28960027,217781,1,49388
585,28791581,29009430,217849,1,49393
586,28841002,29058805,217803,1,49387
587,28890333,29108203,217870,1,49390
588,28939766,29157553,217787,1,49378
589,28989138,29206938,217800,1,49380
590,29038523,29256253,217730,1,49360
591,29087914,29305586,217672,1,49352
592,29137320,29354945,217625,1,49354
593,29186655,29404260,217605,1,49342
594,29236029,29453636,217607,1,49352
595,29285348,29503010,217662,1,49359
596,29334704,29552409,217705,1,49371
597,29384020,29601750,217730,1,49362
598,29433385,29651141,217756,1,49370
599,29482730,29700506,217776,1,49368
600,29532106,29749897,217791,1,49375
601,29581513,29799253,217740,1,49369
602,29630872,29848789,217917,1,49419
603,29680234,29898231,217997,1,49426
604,29729608,29947593,217985,1,49407
605,29778947,29996906,217959,1,49378
606,29828545,30046488,217943,1,49439
607,29877858,30095898,218040,1,49430
608,29927308,30145263,217955,1,49411
609,29976670,30194634,217964,1,49399
610,30026280,30243951,217671,1,49374
611,30075620,30293236,217616,1,49347
612,30124975,30342619,217644,1,49358
613,30174366,30391961,217595,1,49353
614,30223737,30441313,217576,1,49352
615,30273025,30490676,217651,1,49355
616,30322378,30540221,217843,1,49412
617,30371727,30589567,217840,1,49392
618,30421086,30638940,217854,1,49386
619,30470430,30688323,217893,1,49385
620,30519960,30737702,217742,1,49383
621,30569281,30787076,217795,1,49380
622,30618685,30836611,217926,1,49427
623,30668048,30886112,218064,1,49449
624,30717461,30935506,218045,1,49432
625,30766840,30984855,218015,1,49407
626,30816364,31034227,217863,1,49396
627,30865878,31083550,217672,1,49374
628,30915263,31132887,217624,1,49363
629,30964608,31182260,217652,1,49366
630,31013959,31231587,217628,1,49354
631,31063278,31280936,217658,1,49352
632,31112658,31330333,217675,1,49366
633,31161993,31379712,217719,1,49369
634,31211343,31429055,217712,1,49361
635,31260664,31478350,217686,1,49341
636,31310047,31527829,217782,1,49382
637,31359438,31577161,217723,1,49367
638,31408808,31626497,217689,1,49358
639,31458133,31675879,217746,1,49365
640,31507508,31725209,217701,1,49354
641,31556933,31774626,217693,1,49373
642,31606246,31824027,217781,1,49381
643,31655586,31873463,217877,1,49397
644,31704934,31922856,217922,1,49396
645,31754317,31972168,217851,1,49371
646,31803765,32021525,217760,1,49366
647,31853219,32070877,217658,1,49362
648,31902602,32120241,217639,1,49362
649,31951937,32169577,217640,1,49354
650,32001264,32218950,217686,1,49360
651,32050625,32268291,217666,1,49354
652,32099999,32317657,217658,1,49357
653,32149333,32367037,217704,1,49364
654,32198651,32416443,217792,1,49376
655,32248013,32465785,217772,1,49366
656,32297420,32515199,217779,1,49380
657,32346762,32564508,217746,1,49359
658,32396137,32613866,217729,1,49358
659,32445512,32663166,217654,1,49341
660,32494917,32712542,217625,1,49351
661,32544278,32762456,218178,1,49520
662,32593602,32811814,218212,1,49471
663,32642964,32861253,218289,1,49461
664,32692282,32910667,218385,1,49447
665,32742134,32960022,217888,1,49419
666,32791547,33009427,217880,1,49415
667,32841021,33058803,217782,1,49403
668,32890372,33108177,217805,1,49394
669,32939778,33157481,217703,1,49367
670,32989153,33206777,217624,1,49346
671,33038532,33256128,217596,1,49347
672,33087893,33305499,217606,1,49354
673,33137280,33354879,217599,1,49362
674,33186555,33404185,217630,1,49345
675,33235915,33453504,217589,1,49337
676,33285233,33502885,217652,1,49350
677,33334610,33552287,217677,1,49365
678,33383918,33601645,217727,1,49363
679,33433264,33651017,217753,1,49366
680,33482619,33700355,217736,1,49357
681,33531991,33749659,217668,1,49341
682,33581372,33799066,217694,1,49361
683,33630737,33848453,217716,1,49368
684,33680087,33897867,217780,1,49382
685,33729435,33947218,217783,1,49373
686,33778811,33996557,217746,1,49362
687,33828221,34045926,217705,1,49364
688,33877572,34095319,217747,1,49373
689,33926961,34144673,217712,1,49367
690,33976279,34194049,217770,1,49369
691,34025654,34243451,217797,1,49379
692,34075045,34292769,217724,1,49361
693,34124399,34342144,217745,1,49365
694,34173749,34391468,217719,1,49352
695,34223157,34440853,217696,1,49362
696,34272542,34490280,217738,1,49381
697,34321899,34539350,217451,1,49288
698,34371281,34588375,217094,1,49209
699,34420597,34637463,216866,1,49172
700,34469959,34686128,216169,1,49020
