it,start,end,latency,sol,period
1,0,80611,80611,1,50802
2,13579,131413,117834,1,50801
3,23868,183077,159209,1,51060
4,34042,232472,198430,1,50560
5,44385,281605,237220,1,50132
6,54555,330854,276299,1,49867
7,64965,380162,315197,1,49699
8,76001,429472,353471,1,49582
9,86286,478750,392464,1,49491
10,121068,528141,407073,1,49461
11,172744,577399,404655,1,49400
12,222368,627444,405076,1,49593
13,271518,676762,405244,1,49510
14,320694,725996,405302,1,49427
15,369992,775211,405219,1,49364
16,419400,824394,404994,1,49309
17,468588,873577,404989,1,49271
18,517985,922843,404858,1,49269
19,567265,972054,404789,1,49252
20,617285,1021288,404003,1,49246
21,666683,1070508,403825,1,49238
22,715866,1119747,403881,1,49238
23,765064,1168961,403897,1,49231
24,814310,1218774,404464,1,49405
25,863465,1268112,404647,1,49385
26,912715,1318282,405567,1,49620
27,961942,1367461,405519,1,49488
28,1011207,1416715,405508,1,49418
29,1060362,1465901,405539,1,49348
30,1109594,1515174,405580,1,49325
31,1158878,1564410,405532,1,49298
32,1208503,1613652,405149,1,49281
33,1258005,1662832,404827,1,49251
34,1308153,1711990,403837,1,49223
35,1357284,1761181,403897,1,49213
36,1406571,1810585,404014,1,49270
37,1455817,1860327,404510,1,49412
38,1504992,1909525,404533,1,49347
39,1554329,1958757,404428,1,49313
40,1603512,2007958,404446,1,49279
41,1652718,2057186,404468,1,49264
42,1701813,2106453,404640,1,49264
43,1751100,2155684,404584,1,49254
44,1800405,2205291,404886,1,49360
45,1850176,2254554,404378,1,49331
46,1899416,2303807,404391,1,49307
47,1948578,2353017,404439,1,49278
48,1997846,2402585,404739,1,49365
49,2047082,2452430,405348,1,49509
50,2096331,2501858,405527,1,49484
51,2145546,2551653,406107,1,49577
52,2195218,2601304,406086,1,49599
53,2244430,2650533,406103,1,49488
54,2293678,2699910,406232,1,49455
55,2342904,2749160,406256,1,49393
56,2392183,2798395,406212,1,49346
57,2442277,2847522,405245,1,49280
58,2491768,2896691,404923,1,49246
59,2541473,2945913,404440,1,49239
60,2591203,2995111,403908,1,49227
61,2640441,3045043,404602,1,49438
62,2689771,3094353,404582,1,49399
63,2739032,3143555,404523,1,49340
64,2788213,3192766,404553,1,49301
65,2837418,3241957,404539,1,49268
66,2886612,3291216,404604,1,49265
67,2935789,3340535,404746,1,49281
68,2984932,3389837,404905,1,49287
69,3034919,3439079,404160,1,49274
70,3084197,3488334,404137,1,49268
71,3133393,3537571,404178,1,49258
72,3182638,3586775,404137,1,49242
73,3231858,3636836,404978,1,49488
74,3281072,3686066,404994,1,49410
75,3330369,3735950,405581,1,49552
76,3379705,3785790,406085,1,49638
77,3428945,3835042,406097,1,49522
78,3478232,3884276,406044,1,49436
79,3527418,3933545,406127,1,49386
80,3576593,3982836,406243,1,49357
81,3626653,4032060,405407,1,49317
82,3675939,4081325,405386,1,49301
83,3725751,4130565,404814,1,49283
84,3775652,4180173,404521,1,49380
85,3824872,4230253,405381,1,49590
86,3874125,4279478,405353,1,49480
87,3923391,4329359,405968,1,49600
88,3972652,4379253,406601,1,49688
89,4021884,4428651,406767,1,49601
90,4071174,4477914,406740,1,49499
91,4120379,4527179,406800,1,49429
92,4170009,4576443,406434,1,49379
93,4220064,4625667,405603,1,49333
94,4269343,4674864,405521,1,49292
95,4319200,4724091,404891,1,49272
96,4369036,4773323,404287,1,49260
97,4418521,4823273,404752,1,49467
98,4467782,4872649,404867,1,49439
99,4517012,4922517,405505,1,49568
100,4566316,4972375,406059,1,49655
101,4615548,5021670,406122,1,49547
102,4664690,5070896,406206,1,49450
103,4713937,5120203,406266,1,49407
104,4763182,5169442,406260,1,49357
105,4813051,5218743,405692,1,49340
106,4862521,5267934,405413,1,49295
107,4912343,5317197,404854,1,49285
108,4962270,5366466,404196,1,49280
109,5011561,5415816,404255,1,49301
110,5060732,5465407,404675,1,49388
111,5109941,5515075,405134,1,49472
112,5159310,5564963,405653,1,49596
113,5208582,5614474,405892,1,49571
114,5257806,5663694,405888,1,49465
115,5307062,5712932,405870,1,49397
116,5356310,5762212,405902,1,49362
117,5405626,5811468,405842,1,49330
118,5455299,5860657,405358,1,49287
119,5504920,5909885,404965,1,49269
120,5554829,5959165,404336,1,49272
121,5604297,6008415,404118,1,49266
122,5653542,6058143,404601,1,49404
123,5702804,6107399,404595,1,49360
124,5752037,6156746,404709,1,49356
125,5801292,6206394,405102,1,49443
126,5850552,6255708,405156,1,49404
127,5899762,6304989,405227,1,49367
128,5949005,6354244,405239,1,49333
129,5998290,6403503,405213,1,49311
130,6047984,6452757,404773,1,49294
131,6097199,6502014,404815,1,49283
132,6146573,6551324,404751,1,49291
133,6196237,6600524,404287,1,49263
134,6245529,6650572,405043,1,49499
135,6294855,6699794,404939,1,49415
136,6344112,6749076,404964,1,49375
137,6393370,6798367,404997,1,49350
138,6442625,6847570,404945,1,49306
139,6491865,6896794,404929,1,49281
140,6541134,6946067,404933,1,49278
141,6590395,6995286,404891,1,49260
142,6640399,7044500,404101,1,49246
143,6689639,7093726,404087,1,49240
144,6738940,7142964,404024,1,49239
145,6788210,7192159,403949,1,49226
146,6837415,7242406,404991,1,49532
147,6886688,7291716,405028,1,49465
148,6935910,7341688,405778,1,49617
149,6985126,7391780,406654,1,49759
150,7034378,7441171,406793,1,49649
151,7083594,7490387,406793,1,49519
152,7132815,7539646,406831,1,49441
153,7182047,7588912,406865,1,49388
154,7232246,7638166,405920,1,49348
155,7281589,7687526,405937,1,49351
156,7331460,7736775,405315,1,49320
157,7381605,7786095,404490,1,49320
158,7431028,7836058,405030,1,49513
159,7480234,7885324,405090,1,49439
160,7529457,7934616,405159,1,49395
161,7578726,7983853,405127,1,49347
162,7628004,8033085,405081,1,49312
163,7677391,8082335,404944,1,49294
164,7726617,8131590,404973,1,49282
165,7775881,8181139,405258,1,49362
166,7825898,8230609,404711,1,49394
167,7875204,8279815,404611,1,49338
168,7924433,8329051,404618,1,49307
169,7973669,8378398,404729,1,49319
170,8022954,8428432,405478,1,49533
171,8072182,8477833,405651,1,49493
172,8121414,8527715,406301,1,49610
173,8170991,8577525,406534,1,49670
174,8220449,8626743,406294,1,49534
175,8269672,8676020,406348,1,49457
176,8318924,8725180,406256,1,49368
177,8368244,8774374,406130,1,49315
178,8418276,8823594,405318,1,49287
179,8467716,8872813,405097,1,49266
180,8517590,8922039,404449,1,49254
181,8567417,8971279,403862,1,49250
182,8616592,9020613,404021,1,49275
183,8665792,9070177,404385,1,49361
184,8715099,9119362,404263,1,49308
185,8764253,9168552,404299,1,49273
186,8813467,9217848,404381,1,49280
187,8862718,9267056,404338,1,49258
188,8911921,9316289,404368,1,49250
189,8961150,9365513,404363,1,49242
190,9010434,9414792,404358,1,49253
191,9060009,9463963,403954,1,49228
192,9109218,9513190,403972,1,49228
193,9158488,9562379,403891,1,49216
194,9207745,9611579,403834,1,49211
195,9256908,9661795,404887,1,49512
196,9306195,9711447,405252,1,49554
197,9355431,9761273,405842,1,49636
198,9404664,9810790,406126,1,49600
199,9453834,9859993,406159,1,49481
200,9503060,9909214,406154,1,49403
201,9552270,9958432,406162,1,49347
202,9601471,10007667,406196,1,49313
203,9651712,10056952,405240,1,49305
204,9701313,10106256,404943,1,49304
205,9751156,10155612,404456,1,49320
206,9800656,10205066,404410,1,49360
207,9849860,10255206,405346,1,49594
208,9899109,10304688,405579,1,49560
209,9948318,10354489,406171,1,49632
210,9997545,10404182,406637,1,49650
211,10046847,10453382,406535,1,49515
212,10096128,10502646,406518,1,49440
213,10145506,10551821,406315,1,49360
214,10194988,10601038,406050,1,49317
215,10245055,10650248,405193,1,49285
216,10294583,10699482,404899,1,49269
217,10344346,10748692,404346,1,49251
218,10394081,10797938,403857,1,49250
219,10443270,10848049,404779,1,49508
220,10492509,10897377,404868,1,49454
221,10541687,10947268,405581,1,49585
222,10590938,10996980,406042,1,49623
223,10640111,11046228,406117,1,49510
224,10689350,11095460,406110,1,49427
225,10738608,11144670,406062,1,49361
226,10787831,11193876,406045,1,49315
227,10837918,11243127,405209,1,49295
228,10887264,11292351,405087,1,49274
229,10937135,11341850,404715,1,49341
230,10986901,11391286,404385,1,49370
231,11036084,11440499,404415,1,49322
232,11085367,11489745,404378,1,49299
233,11134533,11538967,404434,1,49276
234,11183805,11588126,404321,1,49241
235,11232996,11637341,404345,1,49233
236,11282197,11686525,404328,1,49218
237,11331691,11735722,404031,1,49212
238,11381129,11784962,403833,1,49220
239,11430400,11834216,403816,1,49230
240,11479633,11883463,403830,1,49235
241,11528807,11932647,403840,1,49220
242,11578012,11981851,403839,1,49215
243,11627239,12031042,403803,1,49207
244,11676394,12080226,403832,1,49200
245,11725588,12129415,403827,1,49197
246,11774859,12178612,403753,1,49197
247,11824068,12227838,403770,1,49205
248,11873309,12277125,403816,1,49230
249,11922570,12326426,403856,1,49251
250,11971750,12375713,403963,1,49262
251,12020932,12425212,404280,1,49333
252,12070094,12474463,404369,1,49308
253,12119310,12523863,404553,1,49335
254,12168507,12573089,404582,1,49302
255,12217716,12622369,404653,1,49296
256,12267025,12671575,404550,1,49269
257,12316293,12720891,404598,1,49283
258,12365580,12770137,404557,1,49271
259,12415084,12819372,404288,1,49260
260,12464302,12868535,404233,1,49231
261,12513763,12917772,404009,1,49233
262,12563016,12967024,404008,1,49238
263,12612233,13016163,403930,1,49208
264,12661442,13065359,403917,1,49205
265,12710812,13114666,403854,1,49235
266,12759997,13163921,403924,1,49241
267,12809261,13213201,403940,1,49252
268,12858433,13262357,403924,1,49223
269,12907681,13311623,403942,1,49236
270,12956895,13360841,403946,1,49230
271,13006072,13410159,404087,1,49257
272,13055287,13459313,404026,1,49226
273,13104517,13508567,404050,1,49234
274,13153788,13557777,403989,1,49227
275,13203125,13607056,403931,1,49242
276,13252228,13656276,404048,1,49235
277,13301474,13705476,404002,1,49225
278,13350738,13754673,403935,1,49216
279,13400025,13803917,403892,1,49224
280,13449210,13853140,403930,1,49224
281,13498468,13902356,403888,1,49221
282,13547682,13951555,403873,1,49214
283,13596925,14000797,403872,1,49223
284,13646158,14049966,403808,1,49206
285,13695372,14099205,403833,1,49216
286,13744581,14148423,403842,1,49216
287,13793779,14197637,403858,1,49216
288,13843049,14246828,403779,1,49208
289,13892246,14296074,403828,1,49219
290,13941419,14345315,403896,1,49226
291,13990696,14394609,403913,1,49246
292,14039891,14443809,403918,1,49232
293,14089073,14493055,403982,1,49236
294,14138293,14542342,404049,1,49251
295,14187539,14591572,404033,1,49245
296,14236680,14640748,404068,1,49224
297,14285944,14689934,403990,1,49212
298,14335167,14739153,403986,1,49214
299,14384496,14788442,403946,1,49237
300,14433683,14837650,403967,1,49228
301,14482962,14886871,403909,1,49226
302,14532166,14936109,403943,1,49229
303,14581407,14985392,403985,1,49245
304,14630646,15034591,403945,1,49231
305,14679839,15083823,403984,1,49231
306,14729005,15133005,404000,1,49216
307,14778282,15182285,404003,1,49235
308,14827529,15231469,403940,1,49220
309,14876741,15280695,403954,1,49221
310,14926006,15329965,403959,1,49236
311,14975239,15379541,404302,1,49338
312,15024444,15428814,404370,1,49318
313,15073685,15477969,404284,1,49269
314,15122930,15527210,404280,1,49261
315,15172149,15576414,404265,1,49243
316,15221363,15625660,404297,1,49244
317,15270574,15674877,404303,1,49236
318,15319851,15724091,404240,1,49229
319,15369395,15773348,403953,1,49237
320,15418716,15822590,403874,1,49239
321,15467877,15871782,403905,1,49224
322,15517077,15921001,403924,1,49223
323,15566331,15970267,403936,1,49236
324,15615557,16019428,403871,1,49213
325,15664732,16068578,403846,1,49194
326,15713958,16117774,403816,1,49194
327,15763248,16167019,403771,1,49209
328,15812433,16216252,403819,1,49216
329,15861652,16265426,403774,1,49204
330,15910891,16314620,403729,1,49201
331,15960112,16363878,403766,1,49218
332,16009320,16413418,404098,1,49314
333,16058503,16462646,404143,1,49288
334,16107694,16511797,404103,1,49247
335,16156871,16561007,404136,1,49236
336,16206123,16610281,404158,1,49247
337,16255327,16659462,404135,1,49227
338,16304496,16708687,404191,1,49226
339,16353740,16757883,404143,1,49217
340,16403296,16807091,403795,1,49214
341,16452514,16856300,403786,1,49212
342,16501674,16905541,403867,1,49221
343,16550938,16954799,403861,1,49232
344,16600144,17004063,403919,1,49241
345,16649356,17053300,403944,1,49240
346,16698585,17102609,404024,1,49260
347,16747771,17151828,404057,1,49248
348,16796948,17201007,404059,1,49227
349,16846179,17250282,404103,1,49241
350,16895440,17299490,404050,1,49231
351,16944668,17348719,404051,1,49230
352,16993914,17398188,404274,1,49302
353,17043186,17447424,404238,1,49282
354,17092476,17496649,404173,1,49265
355,17141676,17545867,404191,1,49251
356,17190924,17595233,404309,1,49285
357,17240149,17644430,404281,1,49258
358,17289350,17693809,404459,1,49294
359,17338586,17743036,404450,1,49274
360,17388062,17792277,404215,1,49264
361,17437296,17841464,404168,1,49241
362,17486546,17890667,404121,1,49229
363,17535756,17939897,404141,1,49229
364,17585078,17989203,404125,1,49252
365,17634329,18038406,404077,1,49237
366,17683712,18087572,403860,1,49216
367,17732902,18136813,403911,1,49223
368,17782114,18186187,404073,1,49268
369,17831380,18235363,403983,1,49240
370,17880530,18284642,404112,1,49252
371,17929758,18333871,404113,1,49245
372,17979043,18383115,404072,1,49244
373,18028297,18432388,404091,1,49253
374,18077445,18481637,404192,1,49252
375,18126724,18530801,404077,1,49225
376,18176024,18580054,404030,1,49233
377,18225261,18629292,404031,1,49235
378,18274489,18678522,404033,1,49233
379,18323790,18727719,403929,1,49222
380,18372989,18776927,403938,1,49218
381,18422300,18826232,403932,1,49244
382,18471533,18875591,404058,1,49278
383,18520661,18924892,404231,1,49285
384,18569913,18974140,404227,1,49274
385,18619190,19023347,404157,1,49254
386,18668373,19072545,404172,1,49237
387,18717588,19121812,404224,1,49246
388,18766847,19171010,404163,1,49231
389,18816098,19220261,404163,1,49237
390,18865480,19269465,403985,1,49227
391,18914797,19318699,403902,1,49229
392,18964009,19368034,404025,1,49261
393,19013259,19417297,404038,1,49261
394,19062426,19466506,404080,1,49245
395,19111703,19515729,404026,1,49239
396,19160900,19564962,404062,1,49237
397,19210144,19614276,404132,1,49260
398,19259383,19663456,404073,1,49236
399,19308571,19712653,404082,1,49224
400,19357903,19761902,403999,1,49231
401,19407199,19811081,403882,1,49215
402,19456381,19860243,403862,1,49199
403,19505582,19909492,403910,1,49214
404,19554886,19958863,403977,1,49261
405,19604148,20008080,403932,1,49248
406,19653334,20057350,404016,1,49254
407,19702575,20106605,404030,1,49254
408,19751783,20155895,404112,1,49265
409,19800963,20205142,404179,1,49259
410,19850117,20254344,404227,1,49242
411,19899391,20303510,404119,1,49219
412,19948720,20352820,404100,1,49246
413,19997948,20402268,404320,1,49307
414,20047254,20451474,404220,1,49276
415,20096454,20500661,404207,1,49249
416,20145732,20549917,404185,1,49251
417,20195044,20599157,404113,1,49248
418,20244217,20648376,404159,1,49239
419,20293378,20697535,404157,1,49215
420,20342698,20746750,404052,1,49215
421,20392124,20795987,403863,1,49221
422,20441340,20845223,403883,1,49226
423,20490565,20894488,403923,1,49237
424,20539779,20943686,403907,1,49225
425,20589007,20992929,403922,1,49230
426,20638284,21042146,403862,1,49226
427,20687438,21091422,403984,1,49241
428,20736615,21140612,403997,1,49226
429,20785821,21189846,404025,1,49228
430,20835120,21239054,403934,1,49222
431,20884341,21288233,403892,1,49209
432,20933560,21337408,403848,1,49199
433,20982817,21386703,403886,1,49227
434,21032035,21435992,403957,1,49246
435,21081290,21485216,403926,1,49239
436,21130508,21534509,404001,1,49255
437,21179686,21583673,403987,1,49228
438,21228928,21632876,403948,1,49220
439,21278112,21682128,404016,1,49229
440,21327329,21731290,403961,1,49209
441,21376574,21780471,403897,1,49201
442,21425857,21829709,403852,1,49212
443,21475115,21878923,403808,1,49212
444,21524377,21928139,403762,1,49213
445,21573572,21977369,403797,1,49218
446,21622786,22026614,403828,1,49226
447,21671978,22075833,403855,1,49224
448,21721164,22125066,403902,1,49226
449,21770395,22174305,403910,1,49230
450,21819609,22223542,403933,1,49232
451,21868792,22272748,403956,1,49224
452,21918067,22322106,404039,1,49264
453,21967266,22371366,404100,1,49263
454,22016482,22420774,404292,1,49306
455,22065685,22469935,404250,1,49262
456,22114962,22519114,404152,1,49237
457,22164170,22568316,404146,1,49227
458,22213407,22617532,404125,1,49223
459,22262641,22666778,404137,1,49230
460,22311963,22716116,404153,1,49262
461,22361232,22765373,404141,1,49260
462,22410675,22814660,403985,1,49268
463,22459832,22863882,404050,1,49254
464,22508991,22913122,404131,1,49250
465,22558236,22962325,404089,1,49236
466,22607427,23011545,404118,1,49231
467,22656628,23060720,404092,1,49214
468,22706021,23109986,403965,1,49229
469,22755244,23159178,403934,1,49218
470,22804516,23208449,403933,1,49234
471,22853732,23257647,403915,1,49223
472,22903029,23306876,403847,1,49225
473,22952201,23356166,403965,1,49244
474,23001416,23405432,404016,1,49250
475,23050614,23454676,404062,1,49248
476,23099887,23503848,403961,1,49225
477,23149008,23553102,404094,1,49234
478,23198347,23602388,404041,1,49249
479,23247548,23651548,404000,1,49222
480,23296715,23700738,404023,1,49212
481,23346010,23749932,403922,1,49207
482,23395337,23799156,403819,1,49212
483,23444540,23848350,403810,1,49206
484,23493717,23897539,403822,1,49201
485,23542949,23946763,403814,1,49208
486,23592238,23996058,403820,1,49234
487,23641437,24045277,403840,1,49229
488,23690637,24094482,403845,1,49222
489,23739828,24143701,403873,1,49221
490,23789004,24192948,403944,1,49229
491,23838253,24242144,403891,1,49219
492,23887449,24291361,403912,1,49218
493,23936637,24340570,403933,1,49215
494,23985886,24389871,403985,1,49241
495,24035197,24439167,403970,1,49257
496,24084352,24488379,404027,1,49243
497,24133568,24537604,404036,1,49238
498,24182819,24586843,404024,1,49238
499,24232032,24636092,404060,1,49241
500,24281227,24685291,404064,1,49228
501,24330448,24734527,404079,1,49230
502,24379708,24783723,404015,1,49220
503,24429034,24832971,403937,1,49228
504,24478285,24882206,403921,1,49230
505,24527503,24931445,403942,1,49233
506,24576716,24980687,403971,1,49235
507,24625960,25029915,403955,1,49233
508,24675188,25079239,404051,1,49260
509,24724391,25128471,404080,1,49252
510,24773596,25177699,404103,1,49244
511,24822871,25227013,404142,1,49265
512,24872063,25276233,404170,1,49251
513,24921290,25325470,404180,1,49247
514,24970583,25374764,404181,1,49261
515,25019813,25424076,404263,1,49276
516,25069063,25473322,404259,1,49267
517,25118394,25522456,404062,1,49227
518,25167585,25571679,404094,1,49226
519,25216887,25620866,403979,1,49214
520,25266112,25670115,404003,1,49224
521,25315378,25719309,403931,1,49215
522,25364655,25768550,403895,1,49223
523,25413940,25817767,403827,1,49221
524,25463221,25867015,403794,1,49229
525,25512343,25916245,403902,1,49229
526,25561542,25965441,403899,1,49219
527,25610787,26014735,403948,1,49241
528,25659981,26063903,403922,1,49219
529,25709173,26113109,403936,1,49215
530,25758454,26162347,403893,1,49222
531,25807691,26211572,403881,1,49223
532,25856869,26260796,403927,1,49223
533,25906150,26310171,404021,1,49268
534,25955343,26359380,404037,1,49250
535,26004602,26408644,404042,1,49254
536,26053777,26457839,404062,1,49236
537,26103005,26507080,404075,1,49238
538,26152190,26556335,404145,1,49243
539,26201459,26605564,404105,1,49238
540,26250682,26654777,404095,1,49231
541,26300024,26703998,403974,1,49228
542,26349226,26753181,403955,1,49214
543,26398549,26802410,403861,1,49218
544,26447736,26851648,403912,1,49224
545,26496938,26900859,403921,1,49220
546,26546209,26950075,403866,1,49219
547,26595450,26999269,403819,1,49211
548,26644654,27048504,403850,1,49218
549,26693864,27097745,403881,1,49225
550,26743107,27146991,403884,1,49231
551,26792281,27196187,403906,1,49220
552,26841521,27245410,403889,1,49221
553,26890758,27294635,403877,1,49222
554,26939946,27343823,403877,1,49212
555,26989145,27393265,404120,1,49281
556,27038399,27442568,404169,1,49287
557,27087664,27491773,404109,1,49262
558,27136856,27540990,404134,1,49249
559,27186070,27590349,404279,1,49282
560,27235333,27639551,404218,1,49258
561,27284485,27688880,404395,1,49279
562,27333679,27738100,404421,1,49261
563,27383161,27787394,404233,1,49271
564,27432431,27836648,404217,1,49266
565,27481642,27885896,404254,1,49260
566,27530867,27935145,404278,1,49257
567,27580143,27984377,404234,1,49249
568,27629439,28033638,404199,1,49253
569,27678790,28082870,404080,1,49246
570,27727977,28132039,404062,1,49223
571,27777245,28181264,404019,1,49223
572,27826535,28230496,403961,1,49226
573,27875803,28279670,403867,1,49210
574,27925002,28328828,403826,1,49194
575,27974308,28378137,403829,1,49229
576,28023517,28427565,404048,1,49288
577,28072736,28476838,404102,1,49284
578,28121908,28526098,404190,1,49276
579,28171145,28575288,404143,1,49250
580,28220365,28624531,404166,1,49248
581,28269537,28673720,404183,1,49230
582,28318751,28722928,404177,1,49223
583,28368000,28772109,404109,1,49210
584,28417433,28821344,403911,1,49218
585,28466733,28870555,403822,1,49216
586,28515963,28919788,403825,1,49221
587,28565177,28969039,403862,1,49230
588,28614431,29018261,403830,1,49227
589,28663615,29067474,403859,1,49223
590,28712816,29116691,403875,1,49221
591,28762001,29165910,403909,1,49220
592,28811244,29215201,403957,1,49241
593,28860443,29264423,403980,1,49235
594,28909677,29313643,403966,1,49231
595,28958926,29362852,403926,1,49224
596,29008140,29412357,404217,1,49308
597,29057362,29461517,404155,1,49264
598,29106591,29510695,404104,1,49238
599,29155767,29559867,404100,1,49218
600,29205067,29609088,404021,1,49219
601,29254301,29658280,403979,1,49211
602,29303572,29707497,403925,1,49212
603,29352731,29756717,403986,1,49214
604,29402252,29806011,403759,1,49238
605,29451398,29855237,403839,1,49234
606,29500581,29904414,403833,1,49217
607,29549731,29953604,403873,1,49209
608,29598991,30002889,403898,1,49231
609,29648178,30052066,403888,1,49215
610,29697362,30101283,403921,1,49215
611,29746616,30150481,403865,1,49210
612,29795899,30199785,403886,1,49238
613,29845103,30248968,403865,1,49221
614,29894310,30298302,403992,1,49255
615,29943484,30347530,404046,1,49247
616,29992778,30396866,404088,1,49273
617,30041936,30446052,404116,1,49247
618,30091183,30495268,404085,1,49238
619,30140354,30544466,404112,1,49226
620,30189627,30593735,404108,1,49238
621,30238848,30642960,404112,1,49234
622,30288151,30692145,403994,1,49219
623,30337373,30741344,403971,1,49213
624,30386734,30790545,403811,1,49209
625,30435964,30839787,403823,1,49219
626,30485107,30888988,403881,1,49213
627,30534371,30938295,403924,1,49241
628,30583589,30987528,403939,1,49239
629,30632830,31036796,403966,1,49247
630,30682019,31086074,404055,1,49256
631,30731241,31135301,404060,1,49247
632,30780414,31184471,404057,1,49224
633,30829667,31233680,404013,1,49219
634,30878893,31282839,403946,1,49201
635,30928165,31332068,403903,1,49209
636,30977407,31381381,403974,1,49240
637,31026698,31430601,403903,1,49234
638,31075918,31479788,403870,1,49220
639,31125150,31528986,403836,1,49213
640,31174408,31578252,403844,1,49229
641,31223586,31627517,403931,1,49240
642,31272751,31676731,403980,1,49232
643,31321941,31725943,404002,1,49226
644,31371297,31775189,403892,1,49232
645,31420450,31824405,403955,1,49227
646,31469675,31873603,403928,1,49218
647,31518882,31922877,403995,1,49235
648,31568126,31972142,404016,1,49244
649,31617382,32021354,403972,1,49234
650,31666634,32070488,403854,1,49204
651,31715847,32119720,403873,1,49212
652,31765066,32168934,403868,1,49213
653,31814321,32218185,403864,1,49224
654,31863506,32267410,403904,1,49224
655,31912742,32316610,403868,1,49217
656,31962010,32365932,403922,1,49248
657,32011236,32415450,404214,1,49329
658,32060359,32464635,404276,1,49286
659,32109576,32513793,404217,1,49247
660,32158809,32563057,404248,1,49252
661,32208043,32612254,404211,1,49235
662,32257282,32661447,404165,1,49223
663,32306507,32710840,404333,1,49274
664,32355799,32760022,404223,1,49246
665,32405316,32809265,403949,1,49245
666,32454536,32858511,403975,1,49245
667,32503681,32907754,404073,1,49244
668,32552896,32956958,404062,1,49232
669,32602130,33006230,404100,1,49244
670,32651325,33055413,404088,1,49225
671,32700713,33104667,403954,1,49234
672,32749908,33153895,403987,1,49232
673,32799167,33203189,404022,1,49250
674,32848377,33252442,404065,1,49251
675,32897609,33301731,404122,1,49262
676,32946839,33350934,404095,1,49244
677,32996101,33400187,404086,1,49247
678,33045278,33449414,404136,1,49241
679,33094548,33498655,404107,1,49241
680,33143792,33547873,404081,1,49234
681,33192976,33597124,404148,1,49239
682,33242367,33646364,403997,1,49239
683,33291617,33695584,403967,1,49233
684,33340802,33744798,403996,1,49227
685,33390065,33794041,403976,1,49232
686,33439315,33843288,403973,1,49236
687,33488524,33892482,403958,1,49223
688,33537741,33941730,403989,1,49231
689,33587015,33990943,403928,1,49225
690,33636234,34040158,403924,1,49222
691,33685440,34089375,403935,1,49220
692,33734691,34138641,403950,1,49234
693,33783899,34187919,404020,1,49247
694,33833131,34237170,404039,1,49248
695,33882392,34286385,403993,1,49238
696,33931627,34335729,404102,1,49270
697,33980837,34384942,404105,1,49252
698,34030066,34434188,404122,1,49250
699,34079281,34483375,404094,1,49231
700,34128512,34532578,404066,1,49223
701,34177773,34581820,404047,1,49228
702,34227070,34631029,403959,1,49222
703,34276289,34680144,403855,1,49190
704,34325618,34729329,403711,1,49188
705,34374844,34778560,403716,1,49201
706,34424085,34827831,403746,1,49222
707,34473250,34877080,403830,1,49230
708,34522479,34926359,403880,1,49244
709,34571703,34975576,403873,1,49236
710,34620903,35024786,403883,1,49228
711,34670064,35073989,403925,1,49220
712,34719217,35123231,404014,1,49227
713,34768451,35172448,403997,1,49224
714,34817675,35221634,403959,1,49212
715,34866982,35270868,403886,1,49219
716,34916227,35320074,403847,1,49215
717,34965426,35369368,403942,1,49238
718,35014715,35418694,403979,1,49264
719,35063886,35467920,404034,1,49253
720,35113096,35517120,404024,1,49237
721,35162326,35566336,404010,1,49230
722,35211541,35615592,404051,1,49238
723,35260713,35664784,404071,1,49224
724,35309945,35713979,404034,1,49215
725,35359237,35763178,403941,1,49210
726,35408564,35812461,403897,1,49232
727,35457811,35861653,403842,1,49220
728,35507020,35910903,403883,1,49229
729,35556172,35960060,403888,1,49207
730,35605450,36009295,403845,1,49215
731,35654682,36058518,403836,1,49217
732,35703884,36107737,403853,1,49218
733,35753033,36156957,403924,1,49218
734,35802384,36206253,403869,1,49241
735,35851576,36255454,403878,1,49229
736,35900770,36304645,403875,1,49218
737,35949954,36353880,403926,1,49223
738,35999210,36403263,404053,1,49271
739,36048391,36452441,404050,1,49243
740,36097605,36501604,403999,1,49219
741,36146854,36550854,404000,1,49228
742,36196149,36600069,403920,1,49224
743,36245323,36649308,403985,1,49228
744,36294550,36698505,403955,1,49219
745,36343778,36747751,403973,1,49227
746,36393094,36797055,403961,1,49250
747,36442363,36846261,403898,1,49236
748,36491505,36895542,404037,1,49250
749,36540719,36944723,404004,1,49229
750,36589907,36993972,404065,1,49235
751,36639212,37043185,403973,1,49228
752,36688403,37092432,404029,1,49234
753,36737602,37141651,404049,1,49229
754,36786923,37190912,403989,1,49239
755,36836114,37240157,404043,1,49240
756,36885411,37289315,403904,1,49215
757,36934625,37338504,403879,1,49207
758,36983862,37387897,404035,1,49263
759,37033077,37437272,404195,1,49296
760,37082355,37486508,404153,1,49278
761,37131536,37535728,404192,1,49261
762,37180763,37584946,404183,1,49248
763,37230019,37634216,404197,1,49254
764,37279191,37683526,404335,1,49271
765,37328405,37732783,404378,1,49266
766,37377727,37781974,404247,1,49244
767,37427172,37831187,404015,1,49234
768,37476388,37880376,403988,1,49221
769,37525600,37929650,404050,1,49236
770,37574838,37978918,404080,1,49246
771,37624083,38028150,404067,1,49241
772,37673397,38077371,403974,1,49235
773,37722654,38126542,403888,1,49216
774,37771879,38175743,403864,1,49211
775,37821041,38224985,403944,1,49220
776,37870261,38274170,403909,1,49210
777,37919560,38323438,403878,1,49227
778,37968755,38372665,403910,1,49227
779,38018047,38421939,403892,1,49241
780,38067288,38471181,403893,1,49241
781,38116409,38520393,403984,1,49232
782,38165575,38569606,404031,1,49226
783,38214880,38618875,403995,1,49239
784,38264035,38668075,404040,1,49227
785,38313307,38717307,404000,1,49228
786,38362541,38766535,403994,1,49228
787,38411864,38815807,403943,1,49241
788,38461061,38865030,403969,1,49236
789,38510287,38914312,404025,1,49249
790,38559489,38963536,404047,1,49242
791,38608746,39012756,404010,1,49235
792,38657930,39061898,403968,1,49207
793,38707204,39111130,403926,1,49214
794,38756406,39160321,403915,1,49207
795,38805682,39209601,403919,1,49229
796,38854932,39258835,403903,1,49230
797,38904182,39308099,403917,1,49240
798,38953385,39357392,404007,1,49256
799,39002662,39406719,404057,1,49277
800,39051830,39455902,404072,1,49249
801,39101025,39505065,404040,1,49223
802,39150204,39554271,404067,1,49218
803,39199504,39604431,404927,1,49500
804,39248687,39653763,405076,1,49450
805,39297976,39702988,405012,1,49382
806,39347292,39752156,404864,1,49318
807,39396577,39801420,404843,1,49301
808,39445773,39850662,404889,1,49283
809,39494984,39899926,404942,1,49277
810,39544137,39949113,404976,1,49250
811,39594264,39998370,404106,1,49252
812,39643657,40047560,403903,1,49233
813,39692866,40096740,403874,1,49217
814,39742061,40145933,403872,1,49210
815,39791290,40195160,403870,1,49215
816,39840515,40244424,403909,1,49229
817,39889801,40293631,403830,1,49223
818,39939017,40342829,403812,1,49215
819,39988211,40392072,403861,1,49223
820,40037442,40441317,403875,1,49230
821,40086635,40490539,403904,1,49227
822,40135854,40539780,403926,1,49231
823,40185020,40589018,403998,1,49233
824,40234320,40638281,403961,1,49242
825,40283510,40687479,403969,1,49229
826,40332653,40736687,404034,1,49222
827,40381933,40785874,403941,1,49212
828,40431253,40835110,403857,1,49219
829,40480395,40884296,403901,1,49209
830,40529622,40933483,403861,1,49202
831,40578898,40982728,403830,1,49215
832,40628141,41031970,403829,1,49223
833,40677366,41081211,403845,1,49228
834,40726583,41130573,403990,1,49268
835,40775762,41179844,404082,1,49269
836,40824959,41229246,404287,1,49309
837,40874195,41278746,404551,1,49366
838,40923378,41327980,404602,1,49326
839,40972568,41377173,404605,1,49286
840,41021839,41426436,404597,1,49279
841,41071131,41475606,404475,1,49246
842,41120422,41524827,404405,1,49238
843,41169683,41574099,404416,1,49248
844,41219140,41623324,404184,1,49241
845,41268612,41672531,403919,1,49231
846,41317829,41721707,403878,1,49214
847,41367074,41770918,403844,1,49213
848,41416329,41820133,403804,1,49214
849,41465481,41869387,403906,1,49226
850,41514729,41918637,403908,1,49233
851,41563938,41967851,403913,1,49227
852,41613190,42017151,403961,1,49249
853,41662430,42066345,403915,1,49232
854,41711603,42115517,403914,1,49214
855,41760789,42164727,403938,1,49213
856,41810048,42213946,403898,1,49214
857,41859287,42263101,403814,1,49196
858,41908504,42312332,403828,1,49207
859,41957722,42361549,403827,1,49210
860,42007053,42410979,403926,1,49276
861,42056235,42460173,403938,1,49251
862,42105385,42509363,403978,1,49233
863,42154627,42558557,403930,1,49221
864,42203843,42607809,403966,1,49230
865,42252997,42656998,404001,1,49218
866,42302250,42706365,404115,1,49262
867,42351448,42755556,404108,1,49241
868,42400838,42804849,404011,1,49256
869,42450079,42854078,403999,1,49248
870,42499265,42903333,404068,1,49250
871,42548409,42952549,404140,1,49240
872,42597668,43001783,404115,1,49238
873,42646902,43050977,404075,1,49224
874,42696257,43100272,404015,1,49245
875,42745411,43149494,404083,1,49238
876,42794712,43198796,404084,1,49257
877,42843946,43248039,404093,1,49253
878,42893200,43297311,404111,1,49258
879,42942436,43346619,404183,1,49273
880,42991653,43395907,404254,1,49277
881,43040846,43445135,404289,1,49262
882,43090171,43494349,404178,1,49248
883,43139376,43543543,404167,1,49231
884,43188617,43592738,404121,1,49220
885,43237913,43642079,404166,1,49256
886,43287198,43691257,404059,1,49233
887,43336491,43740463,403972,1,49225
888,43385782,43789734,403952,1,49238
889,43435044,43838959,403915,1,49234
890,43484217,43888146,403929,1,49220
891,43533419,43937304,403885,1,49201
892,43582662,43986510,403848,1,49202
893,43631945,44036125,404180,1,49326
894,43681152,44085561,404409,1,49359
895,43730368,44134770,404402,1,49314
896,43779634,44183993,404359,1,49286
897,43828824,44233235,404411,1,49273
898,43878012,44282433,404421,1,49250
899,43927237,44331646,404409,1,49239
900,43976380,44380912,404532,1,49247
901,44025987,44430343,404356,1,49302
902,44075457,44479555,404098,1,49275
903,44124627,44528729,404102,1,49244
904,44173865,44577970,404105,1,49243
905,44223134,44627237,404103,1,49250
906,44272299,44676468,404169,1,49244
907,44321514,44725642,404128,1,49223
908,44370778,44774825,404047,1,49211
909,44420208,44824056,403848,1,49217
910,44469422,44873244,403822,1,49208
911,44518627,44922510,403883,1,49225
912,44567845,44971739,403894,1,49226
913,44617089,45021033,403944,1,49246
914,44666364,45070289,403925,1,49249
915,44715548,45119506,403958,1,49239
916,44764699,45168666,403967,1,49215
917,44813924,45217910,403986,1,49224
918,44863139,45267098,403959,1,49213
919,44912367,45316305,403938,1,49211
920,44961595,45365520,403925,1,49212
921,45010927,45414795,403868,1,49231
922,45060160,45464021,403861,1,49229
923,45109379,45513229,403850,1,49223
924,45158597,45562464,403867,1,49226
925,45207780,45611746,403966,1,49243
926,45256966,45660975,404009,1,49239
927,45306204,45710223,404019,1,49241
928,45355421,45759399,403978,1,49221
929,45404695,45808622,403927,1,49222
930,45453870,45857830,403960,1,49218
931,45503133,45907059,403926,1,49221
932,45552340,45956249,403909,1,49211
933,45601599,46005523,403924,1,49230
934,45650862,46054658,403796,1,49201
935,45700089,46103913,403824,1,49217
936,45749261,46153091,403830,1,49205
937,45798511,46202355,403844,1,49223
938,45847736,46251549,403813,1,49214
939,45896924,46300859,403935,1,49243
940,45946168,46350136,403968,1,49253
941,45995395,46399435,404040,1,49267
942,46044536,46448678,404142,1,49259
943,46093780,46497835,404055,1,49228
944,46142987,46547039,404052,1,49221
945,46192222,46596237,404015,1,49214
946,46241451,46645448,403997,1,49213
947,46290755,46694620,403865,1,49200
948,46339986,46743841,403855,1,49206
949,46389313,46793094,403781,1,49220
950,46438572,46842390,403818,1,49243
951,46487726,46891616,403890,1,49238
952,46536910,46940820,403910,1,49227
953,46586109,46990095,403986,1,49242
954,46635349,47039319,403970,1,49236
955,46684517,47088507,403990,1,49222
956,46733693,47137713,404020,1,49217
957,46783001,47186940,403939,1,49220
958,46832256,47236141,403885,1,49214
959,46881464,47285394,403930,1,49225
960,46930720,47334683,403963,1,49244
961,46979946,47384078,404132,1,49289
962,47029191,47433380,404189,1,49293
963,47078395,47482584,404189,1,49266
964,47127596,47531798,404202,1,49250
965,47176785,47581060,404275,1,49254
966,47226024,47630368,404344,1,49270
967,47275278,47679605,404327,1,49260
968,47324486,47728876,404390,1,49263
969,47373908,47778108,404200,1,49254
970,47423269,47827315,404046,1,49239
971,47472476,47876494,404018,1,49221
972,47521643,47925687,404044,1,49213
973,47570933,47974896,403963,1,49211
974,47620239,48024115,403876,1,49213
975,47669497,48073309,403812,1,49207
976,47718759,48122541,403782,1,49215
977,47767944,48171795,403851,1,49226
978,47817214,48221053,403839,1,49236
979,47866385,48270293,403908,1,49237
980,47915608,48319476,403868,1,49221
981,47964770,48368731,403961,1,49231
982,48014015,48418267,404252,1,49322
983,48063230,48467475,404245,1,49288
984,48112417,48516676,404259,1,49262
985,48161664,48565854,404190,1,49236
986,48210940,48615141,404201,1,49251
987,48260140,48664335,404195,1,49234
988,48309364,48713483,404119,1,49208
989,48358637,48762699,404062,1,49210
990,48408120,48811937,403817,1,49218
991,48457344,48861151,403807,1,49217
992,48506575,48910434,403859,1,49237
993,48555785,48959641,403856,1,49228
994,48604990,49008906,403916,1,49239
995,48654235,49058171,403936,1,49246
996,48703360,49107375,404015,1,49234
997,48752571,49156590,404019,1,49228
998,48801805,49205844,404039,1,49236
999,48851047,49255051,404004,1,49227
1000,48900298,49304286,403988,1,49229
1001,48949518,49353501,403983,1,49225
1002,48998773,49402867,404094,1,49267
1003,49048037,49452111,404074,1,49260
1004,49097232,49501359,404127,1,49256
1005,49146472,49550537,404065,1,49233
1006,49195701,49599758,404057,1,49229
1007,49244931,49648940,404009,1,49215
1008,49294180,49698194,404014,1,49226
1009,49343437,49747383,403946,1,49215
1010,49392706,49796596,403890,1,49214
1011,49441983,49845839,403856,1,49223
1012,49491258,49895066,403808,1,49224
1013,49540404,49944344,403940,1,49240
1014,49589626,49993502,403876,1,49215
1015,49638870,50042767,403897,1,49230
1016,49688065,50091987,403922,1,49227
1017,49737250,50141239,403989,1,49234
1018,49786521,50190591,404070,1,49269
1019,49835742,50239825,404083,1,49259
1020,49884914,50289243,404329,1,49306
1021,49934250,50338621,404371,1,49328
1022,49983400,50387887,404487,1,49309
1023,50032643,50437060,404417,1,49268
1024,50081858,50486283,404425,1,49254
1025,50131142,50535465,404323,1,49233
1026,50180432,50584699,404267,1,49233
1027,50229682,50633923,404241,1,49230
1028,50279017,50683187,404170,1,49240
1029,50328475,50732392,403917,1,49229
1030,50377713,50781627,403914,1,49231
1031,50426980,50830920,403940,1,49249
1032,50476149,50880092,403943,1,49226
1033,50525322,50929276,403954,1,49213
1034,50574596,50978482,403886,1,49211
1035,50623815,51027693,403878,1,49211
1036,50673081,51076893,403812,1,49207
1037,50722281,51126188,403907,1,49234
1038,50771563,51175366,403803,1,49217
1039,50820771,51224611,403840,1,49225
1040,50869985,51273791,403806,1,49211
1041,50919182,51323018,403836,1,49216
1042,50968356,51372262,403906,1,49224
1043,51017582,51421531,403949,1,49237
1044,51066790,51470774,403984,1,49239
1045,51116087,51519938,403851,1,49216
1046,51165253,51569162,403909,1,49218
1047,51214530,51618453,403923,1,49240
1048,51263696,51667672,403976,1,49234
1049,51312865,51716833,403968,1,49212
1050,51362195,51766000,403805,1,49198
1051,51411429,51815281,403852,1,49223
1052,51460641,51864441,403800,1,49204
1053,51509828,51913682,403854,1,49215
1054,51559056,51962928,403872,1,49224
1055,51608320,52012186,403866,1,49234
1056,51657537,52061404,403867,1,49229
1057,51706752,52110655,403903,1,49236
1058,51755922,52159810,403888,1,49211
1059,51805152,52209031,403879,1,49214
1060,51854367,52258229,403862,1,49209
1061,51903615,52307412,403797,1,49201
1062,51952804,52356637,403833,1,49208
1063,52002057,52406140,404083,1,49296
1064,52051291,52455532,404241,1,49325
1065,52100533,52504756,404223,1,49295
1066,52149700,52553993,404293,1,49277
1067,52198925,52603289,404364,1,49283
1068,52248118,52652517,404399,1,49266
1069,52297283,52701929,404646,1,49310
1070,52346534,52751152,404618,1,49284
1071,52395970,52800332,404362,1,49252
1072,52445423,52849581,404158,1,49251
1073,52494652,52898872,404220,1,49263
1074,52543894,52948079,404185,1,49246
1075,52593100,52997339,404239,1,49250
1076,52642417,53046520,404103,1,49229
1077,52691833,53095784,403951,1,49239
1078,52741000,53144977,403977,1,49225
1079,52790259,53194237,403978,1,49236
1080,52839466,53243515,404049,1,49248
1081,52888735,53292764,404029,1,49248
1082,52937929,53342003,404074,1,49245
1083,52987219,53391272,404053,1,49252
1084,53036389,53440477,404088,1,49238
1085,53085655,53489628,403973,1,49212
1086,53134873,53538822,403949,1,49206
1087,53184075,53588051,403976,1,49213
1088,53233379,53637273,403894,1,49215
1089,53282658,53686462,403804,1,49207
1090,53331889,53735690,403801,1,49213
1091,53381117,53784907,403790,1,49214
1092,53430389,53834205,403816,1,49239
1093,53479532,53883441,403909,1,49238
1094,53528696,53932647,403951,1,49228
1095,53577894,53981861,403967,1,49224
1096,53627171,54031200,404029,1,49258
1097,53676338,54080379,404041,1,49234
1098,53725560,54129634,404074,1,49240
1099,53774810,54179076,404266,1,49301
1100,53824065,54228389,404324,1,49304
1101,53873335,54277658,404323,1,49294
1102,53922570,54326908,404338,1,49280
1103,53971746,54376097,404351,1,49253
1104,54021076,54425375,404299,1,49260
1105,54070285,54474582,404297,1,49244
1106,54119529,54523790,404261,1,49233
1107,54168942,54573041,404099,1,49238
1108,54218314,54622301,403987,1,49245
1109,54267495,54671485,403990,1,49226
1110,54316757,54720725,403968,1,49230
1111,54365944,54769900,403956,1,49214
1112,54415277,54819156,403879,1,49226
1113,54464451,54868338,403887,1,49213
1114,54513664,54917559,403895,1,49215
1115,54562930,54966799,403869,1,49222
1116,54612205,55016022,403817,1,49222
1117,54661354,55065251,403897,1,49224
1118,54710619,55114543,403924,1,49244
1119,54759784,55163800,404016,1,49248
1120,54809027,55213043,404016,1,49246
1121,54858234,55262255,404021,1,49236
1122,54907462,55311491,404029,1,49236
1123,54956667,55360829,404162,1,49266
1124,55005897,55410152,404255,1,49283
1125,55055131,55459333,404202,1,49252
1126,55104415,55508553,404138,1,49243
1127,55153666,55557768,404102,1,49234
1128,55202914,55607068,404154,1,49254
1129,55252124,55656252,404128,1,49233
1130,55301366,55705432,404066,1,49217
1131,55350744,55754641,403897,1,49214
1132,55399989,55803849,403860,1,49212
1133,55449207,55853106,403899,1,49226
1134,55498453,55902365,403912,1,49235
1135,55547671,55951586,403915,1,49231
1136,55596882,56000831,403949,1,49235
1137,55646130,56050093,403963,1,49243
1138,55695306,56099305,403999,1,49234
1139,55744494,56148505,404011,1,49223
1140,55793711,56197713,404002,1,49219
1141,55843007,56246931,403924,1,49218
1142,55892236,56296120,403884,1,49209
1143,55941452,56345352,403900,1,49216
1144,55990732,56394719,403987,1,49261
1145,56039958,56443979,404021,1,49261
1146,56089150,56493204,404054,1,49250
1147,56138413,56542388,403975,1,49230
1148,56187584,56591626,404042,1,49232
1149,56236832,56640830,403998,1,49224
1150,56286014,56690010,403996,1,49210
1151,56335260,56739255,403995,1,49221
1152,56384542,56788462,403920,1,49216
1153,56433851,56837708,403857,1,49225
1154,56483115,56886976,403861,1,49238
1155,56532253,56936158,403905,1,49221
1156,56581472,56985277,403805,1,49190
1157,56630746,57034553,403807,1,49216
1158,56679900,57083828,403928,1,49233
1159,56729102,57133039,403937,1,49227
1160,56778355,57182274,403919,1,49229
1161,56827637,57231530,403893,1,49237
1162,56876823,57280807,403984,1,49249
1163,56926065,57330094,404029,1,49260
1164,56975210,57379400,404190,1,49274
1165,57024407,57428906,404499,1,49343
1166,57073698,57478139,404441,1,49310
1167,57122925,57527291,404366,1,49262
1168,57172138,57576447,404309,1,49230
1169,57221402,57625728,404326,1,49245
1170,57270692,57674941,404249,1,49236
1171,57319968,57724149,404181,1,49227
1172,57369266,57773377,404111,1,49227
1173,57418795,57822600,403805,1,49226
1174,57468014,57871788,403774,1,49214
1175,57517183,57921038,403855,1,49225
1176,57566374,57970506,404132,1,49298
1177,57615624,58019872,404248,1,49318
1178,57664789,58069083,404294,1,49286
1179,57714071,58118383,404312,1,49290
1180,57763276,58167597,404321,1,49267
1181,57812487,58216824,404337,1,49255
1182,57861656,58266081,404425,1,49255
1183,57910935,58315428,404493,1,49283
1184,57960370,58364664,404294,1,49269
1185,58009760,58414012,404252,1,49292
1186,58058991,58463217,404226,1,49266
1187,58108255,58512415,404160,1,49245
1188,58157473,58561648,404175,1,49242
1189,58206746,58610924,404178,1,49252
1190,58255944,58660097,404153,1,49228
1191,58305289,58709378,404089,1,49244
1192,58354565,58758527,403962,1,49215
1193,58403865,58807726,403861,1,49210
1194,58453106,58856576,403470,1,49102
1195,58502303,58905465,403162,1,49038
1196,58551533,58954403,402870,1,49008
1197,58600762,59003331,402569,1,48984
1198,58649973,59052159,402186,1,48937
1199,58699272,59101003,401731,1,48909
1200,58748379,59149621,401242,1,48821
