it,start,end,latency,sol,period
1,0,77874,77874,1,51456
2,10810,129330,118520,1,51456
3,21282,181517,160235,1,51675
4,31807,232229,200422,1,51386
5,41993,281766,239773,1,50831
6,52146,331350,279204,1,50457
7,62623,381021,318398,1,50221
8,72843,430782,357939,1,50083
9,82914,480460,397546,1,49961
10,118991,530086,411095,1,49860
11,171155,579690,408535,1,49783
12,222043,630332,408289,1,50041
13,271589,679947,408358,1,49913
14,321182,729585,408403,1,49830
15,370820,779448,408628,1,49840
16,420581,829484,408903,1,49899
17,470276,879385,409109,1,49899
18,519827,929400,409573,1,49934
19,569529,979096,409567,1,49862
20,620124,1029027,408903,1,49883
21,669757,1078775,409018,1,49842
22,719384,1128591,409207,1,49834
23,769224,1178177,408953,1,49760
24,819269,1228710,409441,1,49991
25,869152,1278835,409683,1,50031
26,919202,1328797,409595,1,50010
27,968977,1379095,410118,1,50097
28,1018810,1428893,410083,1,50007
29,1068583,1478530,409947,1,49896
30,1118400,1528213,409813,1,49832
31,1167989,1577979,409990,1,49812
32,1218553,1627760,409207,1,49802
33,1268608,1677436,408828,1,49764
34,1318669,1727270,408601,1,49785
35,1368863,1776949,408086,1,49753
36,1418708,1827400,408692,1,49962
37,1468277,1876980,408703,1,49847
38,1517981,1926444,408463,1,49732
39,1567719,1976213,408494,1,49743
40,1617565,2026455,408890,1,49893
41,1667259,2076151,408892,1,49834
42,1717047,2125861,408814,1,49796
43,1766754,2175297,408543,1,49688
44,1817122,2225209,408087,1,49755
45,1866774,2274983,408209,1,49761
46,1916263,2324620,408357,1,49723
47,1966028,2374400,408372,1,49740
48,2016195,2424814,408619,1,49942
49,2065959,2474825,408866,1,49963
50,2115687,2524636,408949,1,49917
51,2165130,2574445,409315,1,49884
52,2214918,2624247,409329,1,49860
53,2264736,2674054,409318,1,49844
54,2314431,2723730,409299,1,49793
55,2364204,2773291,409087,1,49723
56,2414574,2823092,408518,1,49747
57,2464582,2872607,408025,1,49677
58,2514478,2922231,407753,1,49661
59,2564247,2971636,407389,1,49584
60,2614054,3022095,408041,1,49846
61,2663792,3071970,408178,1,49855
62,2713508,3122057,408549,1,49924
63,2763085,3172414,409329,1,50054
64,2812869,3222675,409806,1,50116
65,2862416,3272416,410000,1,50003
66,2912044,3322334,410290,1,49978
67,2961476,3372036,410560,1,49895
68,3011839,3422134,410295,1,49956
69,3061802,3471985,410183,1,49924
70,3111812,3521820,410008,1,49897
71,3162222,3571626,409404,1,49870
72,3212406,3621993,409587,1,50019
73,3262209,3671750,409541,1,49940
74,3312071,3721160,409089,1,49781
75,3361850,3770900,409050,1,49768
76,3411856,3820600,408744,1,49748
77,3461794,3870413,408619,1,49767
78,3511623,3920027,408404,1,49721
79,3561431,3969854,408423,1,49753
80,3611672,4019727,408055,1,49789
81,3661556,4069551,407995,1,49799
82,3710979,4119468,408489,1,49834
83,3760678,4169200,408522,1,49803
84,3810408,4219446,409038,1,49936
85,3860199,4269543,409344,1,49984
86,3909875,4319597,409722,1,50005
87,3959550,4370086,410536,1,50150
88,4009539,4420152,410613,1,50125
89,4059349,4469926,410577,1,50019
90,4109299,4519531,410232,1,49895
91,4159003,4569270,410267,1,49848
92,4209200,4618980,409780,1,49806
93,4259298,4668749,409451,1,49795
94,4309437,4718564,409127,1,49801
95,4359879,4768358,408479,1,49799
96,4409965,4818262,408297,1,49830
97,4459676,4867942,408266,1,49785
98,4509341,4917504,408163,1,49718
99,4559071,4967125,408054,1,49689
100,4608762,5016986,408224,1,49740
101,4658576,5066810,408234,1,49765
102,4708303,5116419,408116,1,49718
103,4758187,5166230,408043,1,49746
104,4808028,5215902,407874,1,49724
105,4857754,5265589,407835,1,49712
106,4907324,5315104,407780,1,49653
107,4956944,5364888,407944,1,49692
108,5006740,5414970,408230,1,49809
109,5056602,5464755,408153,1,49802
110,5106232,5514529,408297,1,49793
111,5156016,5564101,408085,1,49727
112,5205715,5613926,408211,1,49756
113,5255366,5663741,408375,1,49774
114,5304941,5713388,408447,1,49735
115,5354715,5763019,408304,1,49704
116,5404445,5812617,408172,1,49672
117,5454572,5862337,407765,1,49686
118,5504307,5912149,407842,1,49724
119,5553910,5961740,407830,1,49684
120,5603678,6011685,408007,1,49762
121,5653582,6061768,408186,1,49858
122,5703164,6111417,408253,1,49795
123,5752795,6161013,408218,1,49735
124,5802439,6210664,408225,1,49710
125,5852102,6260155,408053,1,49644
126,5901959,6309838,407879,1,49656
127,5951541,6359430,407889,1,49636
128,6001326,6409174,407848,1,49669
129,6051512,6458847,407335,1,49670
130,6101244,6508525,407281,1,49672
131,6150791,6558304,407513,1,49704
132,6200443,6607936,407493,1,49682
133,6249969,6658642,408673,1,49989
134,6299640,6708148,408508,1,49844
135,6349245,6757963,408718,1,49835
136,6398990,6807637,408647,1,49787
137,6448658,6857287,408629,1,49746
138,6498334,6907075,408741,1,49758
139,6548110,6956830,408720,1,49757
140,6597714,7006627,408913,1,49769
141,6648405,7056486,408081,1,49796
142,6697982,7106152,408170,1,49757
143,6747745,7156034,408289,1,49794
144,6797379,7205815,408436,1,49790
145,6847089,7256311,409222,1,50002
146,6896860,7305966,409106,1,49898
147,6946664,7355622,408958,1,49825
148,6996380,7405380,409000,1,49805
149,7046200,7455228,409028,1,49818
150,7095947,7504831,408884,1,49753
151,7145853,7554718,408865,1,49793
152,7195574,7604511,408937,1,49793
153,7246120,7654342,408222,1,49804
154,7295782,7703884,408102,1,49725
155,7345457,7753518,408061,1,49698
156,7395175,7803456,408281,1,49770
157,7445060,7853995,408935,1,50000
158,7494680,7903755,409075,1,49928
159,7544502,7953466,408964,1,49863
160,7594319,8003261,408942,1,49842
161,7644143,8053046,408903,1,49825
162,7693699,8102712,409013,1,49777
163,7743263,8152749,409486,1,49855
164,7793225,8202509,409284,1,49826
165,7843803,8252335,408532,1,49826
166,7893568,8302094,408526,1,49806
167,7943261,8351947,408686,1,49820
168,7993097,8401711,408614,1,49803
169,8042838,8452276,409438,1,50031
170,8092476,8502011,409535,1,49942
171,8142551,8551788,409237,1,49893
172,8192250,8601592,409342,1,49866
173,8242144,8651343,409199,1,49831
174,8291836,8700950,409114,1,49764
175,8341755,8750738,408983,1,49771
176,8391488,8800452,408964,1,49754
177,8442114,8850398,408284,1,49811
178,8491757,8900039,408282,1,49760
179,8541586,8949992,408406,1,49818
180,8591389,8999723,408334,1,49792
181,8641161,9050559,409398,1,50105
182,8690751,9100380,409629,1,50019
183,8740560,9150674,410114,1,50102
184,8790276,9201120,410844,1,50205
185,8840185,9250982,410797,1,50102
186,8889874,9300646,410772,1,49970
187,8939772,9350138,410366,1,49827
188,8989565,9399897,410332,1,49806
189,9040408,9449801,409393,1,49835
190,9090196,9499467,409271,1,49784
191,9140493,9549238,408745,1,49780
192,9190858,9598810,407952,1,49718
193,9240780,9649405,408625,1,49981
194,9290480,9698996,408516,1,49864
195,9339920,9748630,408710,1,49795
196,9389707,9798468,408761,1,49807
197,9439543,9848168,408625,1,49775
198,9489265,9897832,408567,1,49742
199,9539024,9947778,408754,1,49803
200,9588556,9997642,409086,1,49821
201,9639185,10047440,408255,1,49814
202,9688734,10097264,408530,1,49817
203,9738463,10146956,408493,1,49779
204,9788249,10196732,408483,1,49778
205,9837957,10247294,409337,1,50013
206,9887620,10297133,409513,1,49961
207,9937565,10346782,409217,1,49867
208,9987328,10396596,409268,1,49851
209,10037250,10446318,409068,1,49812
210,10087035,10496012,408977,1,49777
211,10136756,10545665,408909,1,49739
212,10186540,10595094,408554,1,49646
213,10237128,10645032,407904,1,49734
214,10286942,10694555,407613,1,49670
215,10336525,10744402,407877,1,49723
216,10386412,10794134,407722,1,49726
217,10436113,10844468,408355,1,49908
218,10485842,10894097,408255,1,49824
219,10535463,10943647,408184,1,49742
220,10584832,10993376,408544,1,49738
221,10634830,11043283,408453,1,49788
222,10684324,11092818,408494,1,49712
223,10734209,11142423,408214,1,49680
224,10783940,11191993,408053,1,49647
225,10834316,11241863,407547,1,49714
226,10883883,11291572,407689,1,49712
227,10933439,11341376,407937,1,49739
228,10983150,11390844,407694,1,49658
229,11033096,11440629,407533,1,49696
230,11082618,11490401,407783,1,49719
231,11132216,11539917,407701,1,49658
232,11181807,11589676,407869,1,49688
233,11231646,11639402,407756,1,49699
234,11281385,11689048,407663,1,49683
235,11331173,11738805,407632,1,49705
236,11380661,11788596,407935,1,49731
237,11430448,11838458,408010,1,49770
238,11480175,11888258,408083,1,49779
239,11529720,11938428,408708,1,49896
240,11579458,11988277,408819,1,49882
241,11629184,12038154,408970,1,49880
242,11678813,12087829,409016,1,49818
243,11728590,12137837,409247,1,49875
244,11778402,12187558,409156,1,49829
245,11828209,12237404,409195,1,49834
246,11878073,12287132,409059,1,49802
247,11928209,12336879,408670,1,49785
248,11978054,12386549,408495,1,49751
249,12027929,12436350,408421,1,49766
250,12077597,12486011,408414,1,49734
251,12127581,12535580,407999,1,49684
252,12177394,12585324,407930,1,49702
253,12227173,12635016,407843,1,49699
254,12276948,12684443,407495,1,49617
255,12326687,12734151,407464,1,49644
256,12376330,12783952,407622,1,49691
257,12426169,12833853,407684,1,49754
258,12475764,12883502,407738,1,49722
259,12525356,12933402,408046,1,49775
260,12575124,12983181,408057,1,49776
261,12624781,13032791,408010,1,49726
262,12674245,13082767,408522,1,49801
263,12723898,13132629,408731,1,49819
264,12773791,13182310,408519,1,49778
265,12823634,13232084,408450,1,49776
266,12873372,13281850,408478,1,49773
267,12923198,13331483,408285,1,49731
268,12972949,13381064,408115,1,49686
269,13022589,13430995,408406,1,49759
270,13072540,13480597,408057,1,49712
271,13122455,13530551,408096,1,49784
272,13172125,13580382,408257,1,49798
273,13221856,13630273,408417,1,49826
274,13271590,13680002,408412,1,49797
275,13321272,13729825,408553,1,49804
276,13370836,13779390,408554,1,49732
277,13420798,13829332,408534,1,49795
278,13470430,13879128,408698,1,49795
279,13520285,13928769,408484,1,49749
280,13570193,13978246,408053,1,49667
281,13620010,14028063,408053,1,49712
282,13669813,14077867,408054,1,49739
283,13719621,14127639,408018,1,49749
284,13769273,14177402,408129,1,49753
285,13819111,14227053,407942,1,49722
286,13868895,14276796,407901,1,49728
287,13918587,14326629,408042,1,49760
288,13968058,14376373,408315,1,49755
289,14017892,14426229,408337,1,49785
290,14067639,14475923,408284,1,49758
291,14117463,14525587,408124,1,49729
292,14167184,14575355,408171,1,49741
293,14216855,14625260,408405,1,49790
294,14266593,14675070,408477,1,49796
295,14316382,14724863,408481,1,49795
296,14366186,14774700,408514,1,49807
297,14416011,14824438,408427,1,49786
298,14465731,14874138,408407,1,49760
299,14515334,14923943,408609,1,49774
300,14565181,14973652,408471,1,49754
301,14615042,15023587,408545,1,49808
302,14664904,15073266,408362,1,49769
303,14714671,15122934,408263,1,49739
304,14764523,15172631,408108,1,49726
305,14814281,15222453,408172,1,49755
306,14863880,15272215,408335,1,49757
307,14913751,15322114,408363,1,49799
308,14963426,15371999,408573,1,49825
309,15013403,15421845,408442,1,49831
310,15063042,15471677,408635,1,49831
311,15112689,15521330,408641,1,49778
312,15162446,15571078,408632,1,49769
313,15212253,15620787,408534,1,49751
314,15262023,15670461,408438,1,49727
315,15311897,15720278,408381,1,49754
316,15361771,15770202,408431,1,49805
317,15411587,15819895,408308,1,49771
318,15461465,15869680,408215,1,49775
319,15511133,15919354,408221,1,49745
320,15560891,15969146,408255,1,49759
321,15610602,16018887,408285,1,49753
322,15660279,16068711,408432,1,49774
323,15710093,16118583,408490,1,49803
324,15759953,16168415,408462,1,49812
325,15809680,16218331,408651,1,49843
326,15859423,16267890,408467,1,49758
327,15909185,16317641,408456,1,49755
328,15958888,16367438,408550,1,49768
329,16008641,16417211,408570,1,49769
330,16058477,16467040,408563,1,49787
331,16108327,16516724,408397,1,49756
332,16158224,16566500,408276,1,49762
333,16208079,16616166,408087,1,49733
334,16257699,16665922,408223,1,49740
335,16307445,16715691,408246,1,49748
336,16357234,16765749,408515,1,49841
337,16407009,16815666,408657,1,49864
338,16456856,16865346,408490,1,49808
339,16506568,16915161,408593,1,49810
340,16556268,16964777,408509,1,49752
341,16605962,17014708,408746,1,49805
342,16655707,17064443,408736,1,49784
343,16705520,17114039,408519,1,49728
344,16755536,17163863,408327,1,49756
345,16805447,17213518,408071,1,49726
346,16855138,17263266,408128,1,49732
347,16904998,17313165,408167,1,49782
348,16954609,17362909,408300,1,49771
349,17004451,17412625,408174,1,49754
350,17054274,17462480,408206,1,49784
351,17103810,17512224,408414,1,49772
352,17153670,17561867,408197,1,49733
353,17203254,17611602,408348,1,49734
354,17253098,17661461,408363,1,49771
355,17302939,17711205,408266,1,49763
356,17352710,17761001,408291,1,49773
357,17402367,17810487,408120,1,49686
358,17452222,17860414,408192,1,49758
359,17502034,17910053,408019,1,49722
360,17551607,17959857,408250,1,49747
361,17601403,18009586,408183,1,49741
362,17651241,18059398,408157,1,49762
363,17700993,18109017,408024,1,49719
364,17750795,18158782,407987,1,49733
365,17800297,18208228,407931,1,49647
366,17850223,18258244,408021,1,49757
367,17899838,18308023,408185,1,49764
368,17949666,18357723,408057,1,49744
369,17999366,18407590,408224,1,49781
370,18049213,18457340,408127,1,49772
371,18098783,18507085,408302,1,49763
372,18148599,18556888,408289,1,49775
373,18198058,18606587,408529,1,49752
374,18248018,18656332,408314,1,49750
375,18297844,18706001,408157,1,49725
376,18347529,18755551,408022,1,49673
377,18397416,18805249,407833,1,49680
378,18447090,18855117,408027,1,49736
379,18496858,18904764,407906,1,49709
380,18546715,18954450,407735,1,49702
381,18596351,19004076,407725,1,49679
382,18646162,19053756,407594,1,49679
383,18695769,19103511,407742,1,49702
384,18745398,19153288,407890,1,49724
385,18795029,19203152,408123,1,49766
386,18844878,19252904,408026,1,49762
387,18894530,19302581,408051,1,49736
388,18944245,19352468,408223,1,49781
389,18993885,19402303,408418,1,49797
390,19043479,19452150,408671,1,49812
391,19093343,19501783,408440,1,49758
392,19143019,19551575,408556,1,49768
393,19192919,19601251,408332,1,49740
394,19242775,19651199,408424,1,49803
395,19292389,19700942,408553,1,49785
396,19342261,19750840,408579,1,49818
397,19392041,19800423,408382,1,49748
398,19441979,19849979,408000,1,49690
399,19491566,19899636,408070,1,49680
400,19541384,19949386,408002,1,49701
401,19591059,19999141,408082,1,49717
402,19641005,20049058,408053,1,49777
403,19690776,20099044,408268,1,49839
404,19740576,20148835,408259,1,49825
405,19790191,20198248,408057,1,49701
406,19839707,20248042,408335,1,49729
407,19889466,20297868,408402,1,49758
408,19939166,20347591,408425,1,49747
409,19988909,20397382,408473,1,49760
410,20038824,20447083,408259,1,49742
411,20088782,20496813,408031,1,49738
412,20138666,20546573,407907,1,49745
413,20188028,20596221,408193,1,49716
414,20237843,20646128,408285,1,49773
415,20287657,20695736,408079,1,49723
416,20337443,20745375,407932,1,49698
417,20387185,20795137,407952,1,49717
418,20436854,20844769,407915,1,49691
419,20486664,20894544,407880,1,49716
420,20536311,20944345,408034,1,49742
421,20586056,20994061,408005,1,49734
422,20635842,21043910,408068,1,49768
423,20685508,21093530,408022,1,49724
424,20735169,21143433,408264,1,49777
425,20784914,21193186,408272,1,49770
426,20834566,21242905,408339,1,49754
427,20884300,21292664,408364,1,49756
428,20934116,21342530,408414,1,49789
429,20983841,21392220,408379,1,49759
430,21033694,21441945,408251,1,49749
431,21083311,21491558,408247,1,49708
432,21133228,21541303,408075,1,49719
433,21182972,21591185,408213,1,49768
434,21232674,21641053,408379,1,49798
435,21282500,21690925,408425,1,49820
436,21332310,21740532,408222,1,49756
437,21382033,21790277,408244,1,49752
438,21431714,21840215,408501,1,49808
439,21481366,21889943,408577,1,49784
440,21531103,21939695,408592,1,49774
441,21580985,21989454,408469,1,49769
442,21630863,22039439,408576,1,49834
443,21680726,22089293,408567,1,49840
444,21730345,22139126,408781,1,49838
445,21780056,22189018,408962,1,49854
446,21830032,22238753,408721,1,49818
447,21879724,22288602,408878,1,49827
448,21929473,22338331,408858,1,49798
449,21979270,22387876,408606,1,49722
450,22029232,22437662,408430,1,49741
451,22079038,22487415,408377,1,49744
452,22128967,22537079,408112,1,49720
453,22178802,22586815,408013,1,49725
454,22228533,22636669,408136,1,49763
455,22278417,22686508,408091,1,49786
456,22328076,22736023,407947,1,49704
457,22377691,22785733,408042,1,49706
458,22427439,22835468,408029,1,49715
459,22477226,22885286,408060,1,49745
460,22526869,22935003,408134,1,49737
461,22576606,22984633,408027,1,49705
462,22626478,23034359,407881,1,49711
463,22676271,23084403,408132,1,49811
464,22725843,23134526,408683,1,49904
465,22775483,23184135,408652,1,49815
466,22825280,23233951,408671,1,49815
467,22875079,23283730,408651,1,49804
468,22924746,23333426,408680,1,49772
469,22974448,23383217,408769,1,49777
470,23024131,23433390,409259,1,49896
471,23074225,23483337,409112,1,49911
472,23124263,23533167,408904,1,49887
473,23173966,23583020,409054,1,49876
474,23223732,23632813,409081,1,49851
475,23273538,23682658,409120,1,49849
476,23323225,23732283,409058,1,49782
477,23373006,23782050,409044,1,49777
478,23423171,23831854,408683,1,49785
479,23473165,23881644,408479,1,49786
480,23522951,23931301,408350,1,49747
481,23572795,23981074,408279,1,49755
482,23622648,24030941,408293,1,49788
483,23672408,24080641,408233,1,49762
484,23722058,24130587,408529,1,49817
485,23771846,24180339,408493,1,49797
486,23821629,24230082,408453,1,49781
487,23871426,24279916,408490,1,49797
488,23921097,24329717,408620,1,49798
489,23970858,24379410,408552,1,49766
490,24020736,24429156,408420,1,49760
491,24070520,24478951,408431,1,49770
492,24120357,24528659,408302,1,49751
493,24170145,24578414,408269,1,49752
494,24219838,24628212,408374,1,49766
495,24269741,24677784,408043,1,49708
496,24319507,24727451,407944,1,49695
497,24369219,24777098,407879,1,49681
498,24418968,24826848,407880,1,49701
499,24468737,24876464,407727,1,49676
500,24518469,24926231,407762,1,49703
501,24568158,24975854,407696,1,49679
502,24618047,25025535,407488,1,49679
503,24667577,25075323,407746,1,49712
504,24717275,25125025,407750,1,49709
505,24766837,25174801,407964,1,49729
506,24816660,25224576,407916,1,49742
507,24866279,25274374,408095,1,49759
508,24915996,25324178,408182,1,49772
509,24965685,25373951,408266,1,49772
510,25015315,25423698,408383,1,49765
511,25065167,25473561,408394,1,49794
512,25114836,25523266,408430,1,49767
513,25164602,25572954,408352,1,49743
514,25214385,25622670,408285,1,49735
515,25264157,25672359,408202,1,49721
516,25313986,25722039,408053,1,49709
517,25363689,25771887,408198,1,49750
518,25413500,25821787,408287,1,49795
519,25463307,25871498,408191,1,49770
520,25513063,25921363,408300,1,49798
521,25562765,25971151,408386,1,49795
522,25612418,26020938,408520,1,49792
523,25662135,26070846,408711,1,49827
524,25711818,26120538,408720,1,49786
525,25761721,26170273,408552,1,49771
526,25811537,26219944,408407,1,49741
527,25861330,26269711,408381,1,49748
528,25911139,26319346,408207,1,49714
529,25960978,26369073,408095,1,49718
530,26010727,26418755,408028,1,49707
531,26060589,26468423,407834,1,49695
532,26110374,26518105,407731,1,49691
533,26160018,26567966,407948,1,49742
534,26209792,26617810,408018,1,49772
535,26259480,26667570,408090,1,49769
536,26309156,26717031,407875,1,49676
537,26358866,26766793,407927,1,49702
538,26408472,26816541,408069,1,49715
539,26458236,26866364,408128,1,49748
540,26507879,26915969,408090,1,49705
541,26557773,26965621,407848,1,49689
542,26607555,27015434,407879,1,49726
543,26657402,27065152,407750,1,49723
544,26706886,27114960,408074,1,49749
545,26756597,27164861,408264,1,49794
546,26806293,27214766,408473,1,49827
547,26856106,27264720,408614,1,49865
548,26905773,27314475,408702,1,49832
549,26955361,27364289,408928,1,49826
550,27005209,27413827,408618,1,49740
551,27054930,27463345,408415,1,49673
552,27104740,27513016,408276,1,49672
553,27154673,27562901,408228,1,49736
554,27204567,27612643,408076,1,49738
555,27254510,27662428,407918,1,49752
556,27304292,27712183,407891,1,49753
557,27354095,27761895,407800,1,49740
558,27403633,27811411,407778,1,49673
559,27453193,27861197,408004,1,49707
560,27502836,27910923,408087,1,49712
561,27552665,27960751,408086,1,49747
562,27602454,28010540,408086,1,49759
563,27652207,28060236,408029,1,49740
564,27701958,28109967,408009,1,49737
565,27751641,28159766,408125,1,49756
566,27801240,28209525,408285,1,49757
567,27850971,28259265,408294,1,49751
568,27900660,28308765,408105,1,49676
569,27950579,28358575,407996,1,49716
570,28000312,28408403,408091,1,49749
571,28050029,28458082,408053,1,49728
572,28099690,28507817,408127,1,49730
573,28149597,28557738,408141,1,49787
574,28199313,28607528,408215,1,49788
575,28249086,28657461,408375,1,49831
576,28298536,28707133,408597,1,49783
577,28348318,28756872,408554,1,49770
578,28398207,28806777,408570,1,49810
579,28447858,28856509,408651,1,49787
580,28497627,28906338,408711,1,49799
581,28547540,28955959,408419,1,49746
582,28597338,29005504,408166,1,49685
583,28647198,29055105,407907,1,49660
584,28696905,29104731,407826,1,49650
585,28746659,29154183,407524,1,49590
586,28796530,29203806,407276,1,49600
587,28846271,29253696,407425,1,49687
588,28896077,29303466,407389,1,49712
589,28945770,29353010,407240,1,49661
590,28995292,29402711,407419,1,49673
591,29044923,29452374,407451,1,49670
592,29094572,29502161,407589,1,49705
593,29143928,29551838,407910,1,49696
594,29193571,29601464,407893,1,49675
595,29243423,29651147,407724,1,49677
596,29293269,29700609,407340,1,49613
597,29342760,29750435,407675,1,49676
598,29392478,29800004,407526,1,49644
599,29442152,29849959,407807,1,49737
600,29491898,29899585,407687,1,49704
601,29541677,29949379,407702,1,49731
602,29591242,29999167,407925,1,49748
603,29640957,30051410,410453,1,50496
604,29690384,30102102,411718,1,50555
605,29740231,30153326,413095,1,50755
606,29789819,30204473,414654,1,50873
607,29839699,30255258,415559,1,50846
608,29889396,30305794,416398,1,50753
609,29939121,30356339,417218,1,50690
610,29988884,30407050,418166,1,50696
611,30041146,30457580,416434,1,50646
612,30458054,30534188,76134,1,58435
613,30467795,30585224,117429,1,56215
614,30478052,30636055,158003,1,54600
615,30488579,30686048,197469,1,53217
616,30498808,30736132,237324,1,52277
617,30508982,30786590,277608,1,51731
618,30519114,30836377,317263,1,51148
619,30529352,30886201,356849,1,50751
620,30539455,30935932,396477,1,50445
621,30574984,30985691,410707,1,50239
622,30625766,31035679,409913,1,50163
623,30675820,31085258,409438,1,49988
624,30725942,31134980,409038,1,49908
625,30776380,31184854,408474,1,49898
626,30826203,31235440,409237,1,50104
627,30876000,31285330,409330,1,50040
628,30925787,31334907,409120,1,49901
629,30975492,31384507,409015,1,49810
630,31025485,31434282,408797,1,49800
631,31075040,31483959,408919,1,49763
632,31124794,31533596,408802,1,49725
633,31174694,31583395,408701,1,49747
634,31225268,31632937,407669,1,49685
635,31275113,31682767,407654,1,49729
636,31324719,31732425,407706,1,49707
637,31374324,31782104,407780,1,49699
638,31424020,31832622,408602,1,49944
639,31473766,31882564,408798,1,49943
640,31523396,31932865,409469,1,50051
641,31573224,31983142,409918,1,50118
642,31622712,32033480,410768,1,50184
643,31672512,32083311,410799,1,50078
644,31722231,32133112,410881,1,49995
645,31771842,32182757,410915,1,49890
646,31822455,32232543,410088,1,49858
647,31872308,32282308,410000,1,49830
648,31922674,32332117,409443,1,49824
649,31972977,32381843,408866,1,49794
650,32023211,32432486,409275,1,50049
651,32073081,32482601,409520,1,50068
652,32122932,32532764,409832,1,50097
653,32172555,32583016,410461,1,50143
654,32222341,32632887,410546,1,50061
655,32272096,32682444,410348,1,49910
656,32321960,32732029,410069,1,49812
657,32371600,32781707,410107,1,49772
658,32422297,32831489,409192,1,49775
659,32472389,32881118,408729,1,49731
660,32522575,32930854,408279,1,49732
661,32572818,32980559,407741,1,49724
662,32622699,33030860,408161,1,49897
663,32672248,33080804,408556,1,49911
664,32721868,33131019,409151,1,50002
665,32771509,33181414,409905,1,50120
666,32821303,33231370,410067,1,50070
667,32870922,33281194,410272,1,49996
668,32920635,33331089,410454,1,49966
669,32970386,33380580,410194,1,49823
670,33020624,33430425,409801,1,49830
671,33070585,33480014,409429,1,49757
672,33120842,33529772,408930,1,49757
673,33171189,33579376,408187,1,49711
674,33221208,33629957,408749,1,49972
675,33270971,33679652,408681,1,49889
676,33320909,33729369,408460,1,49837
677,33370430,33778923,408493,1,49752
678,33420246,33828683,408437,1,49754
679,33469839,33878330,408491,1,49722
680,33519580,33928442,408862,1,49839
681,33569188,33978054,408866,1,49771
682,33619734,34027986,408252,1,49819
683,33669463,34077741,408278,1,49800
684,33719165,34127555,408390,1,49804
685,33768673,34177297,408624,1,49785
686,33818484,34227538,409054,1,49922
687,33868068,34277421,409353,1,49910
688,33918245,34327222,408977,1,49877
689,33967795,34376945,409150,1,49831
690,34017767,34426771,409004,1,49829
691,34067520,34476503,408983,1,49800
692,34117373,34526245,408872,1,49782
693,34167099,34575905,408806,1,49745
694,34217317,34625741,408424,1,49772
695,34267208,34675561,408353,1,49787
696,34316993,34725183,408190,1,49737
697,34366757,34774899,408142,1,49731
698,34416523,34825234,408711,1,49912
699,34466317,34875232,408915,1,49937
700,34515999,34924929,408930,1,49865
701,34565736,34974613,408877,1,49811
702,34615512,35024380,408868,1,49797
703,34665369,35074345,408976,1,49848
704,34714992,35123976,408984,1,49782
705,34764705,35173617,408912,1,49740
706,34814912,35223404,408492,1,49754
707,34865100,35273014,407914,1,49711
708,34914752,35322521,407769,1,49649
709,34964398,35372317,407919,1,49693
710,35014155,35422387,408232,1,49806
711,35064156,35472121,407965,1,49784
712,35113789,35521777,407988,1,49746
713,35163414,35571635,408221,1,49779
714,35213186,35621319,408133,1,49750
715,35262819,35670967,408148,1,49720
716,35312318,35720616,408298,1,49698
717,35362130,35770239,408109,1,49676
718,35411896,35819750,407854,1,49626
719,35461921,35869657,407736,1,49710
720,35511564,35919737,408173,1,49821
721,35561447,35969564,408117,1,49823
722,35611056,36019789,408733,1,49943
723,35660769,36070164,409395,1,50073
724,35710445,36120054,409609,1,50018
725,35760022,36169730,409708,1,49915
726,35809573,36219353,409780,1,49827
727,35859363,36269165,409802,1,49823
728,35909550,36318977,409427,1,49819
729,35959307,36368803,409496,1,49821
730,36009367,36418309,408942,1,49726
731,36059905,36468150,408245,1,49761
732,36109855,36517913,408058,1,49761
733,36159539,36567659,408120,1,49756
734,36209161,36617686,408525,1,49837
735,36258918,36667624,408706,1,49867
736,36308711,36717390,408679,1,49837
737,36358616,36767181,408565,1,49823
738,36408095,36817058,408963,1,49839
739,36457933,36866605,408672,1,49751
740,36507713,36916300,408587,1,49734
741,36557490,36966257,408767,1,49801
742,36607210,37016015,408805,1,49788
743,36657413,37065956,408543,1,49834
744,36707176,37115839,408663,1,49848
745,36756991,37165576,408585,1,49815
746,36806794,37215242,408448,1,49770
747,36856372,37265797,409425,1,50005
748,36906110,37315451,409341,1,49900
749,36956001,37365250,409249,1,49869
750,37005846,37414999,409153,1,49833
751,37055677,37464701,409024,1,49794
752,37105606,37514409,408803,1,49768
753,37155377,37564121,408744,1,49751
754,37205019,37613738,408719,1,49711
755,37255586,37663596,408010,1,49755
756,37305266,37713327,408061,1,49747
757,37355050,37763041,407991,1,49737
758,37404797,37812783,407986,1,49739
759,37454484,37863478,408994,1,50025
760,37504187,37913275,409088,1,49957
761,37553942,37962971,409029,1,49878
762,37603517,38012630,409113,1,49812
763,37653377,38062391,409014,1,49797
764,37703090,38112182,409092,1,49795
765,37752849,38162008,409159,1,49804
766,37802598,38211870,409272,1,49821
767,37853220,38261691,408471,1,49821
768,37903009,38311469,408460,1,49808
769,37952770,38361301,408531,1,49815
770,38002426,38411203,408777,1,49841
771,38052161,38461779,409618,1,50061
772,38101958,38511555,409597,1,49976
773,38151816,38561115,409299,1,49851
774,38201678,38610871,409193,1,49822
775,38251477,38660633,409156,1,49804
776,38301296,38710417,409121,1,49798
777,38351095,38760027,408932,1,49741
778,38401019,38809680,408661,1,49715
779,38451556,38859375,407819,1,49709
780,38501370,38909324,407954,1,49781
781,38550897,38959286,408389,1,49835
782,38600617,39008971,408354,1,49790
783,38650432,39059599,409167,1,50041
784,38700152,39109525,409373,1,50006
785,38749838,39159707,409869,1,50059
786,38799479,39209948,410469,1,50113
787,38849178,39259761,410583,1,50023
788,38899131,39309575,410444,1,49960
789,38949121,39359322,410201,1,49896
790,38998787,39409095,410308,1,49859
791,39049310,39458875,409565,1,49835
792,39099335,39508613,409278,1,49806
793,39149522,39558384,408862,1,49795
794,39199697,39607866,408169,1,49701
795,39249570,39658366,408796,1,49941
796,39299318,39707784,408466,1,49784
797,39349153,39757472,408319,1,49755
798,39398880,39807072,408192,1,49708
799,39448653,39856821,408168,1,49720
800,39498486,39906560,408074,1,49726
801,39548200,39956260,408060,1,49718
802,39597736,40005915,408179,1,49699
803,39648157,40055682,407525,1,49719
804,39697584,40105474,407890,1,49741
805,39747253,40155263,408010,1,49755
806,39796877,40205173,408296,1,49801
807,39846615,40255939,409324,1,50091
808,39896355,40305572,409217,1,49953
809,39946134,40355922,409788,1,50072
810,39995716,40406292,410576,1,50161
811,40045507,40455938,410431,1,50007
812,40095243,40505633,410390,1,49913
813,40145068,40555036,409968,1,49760
814,40194957,40604683,409726,1,49726
815,40245734,40654508,408774,1,49755
816,40295308,40703972,408664,1,49668
817,40345764,40753632,407868,1,49665
818,40396087,40803269,407182,1,49657
819,40445781,40853850,408069,1,49934
820,40495413,40903714,408301,1,49913
821,40544833,40953533,408700,1,49884
822,40594514,41003321,408807,1,49855
823,40644320,41053257,408937,1,49879
824,40693782,41103175,409393,1,49891
825,40743435,41153070,409635,1,49892
826,40793094,41202852,409758,1,49859
827,40843558,41252655,409097,1,49842
828,40893526,41302393,408867,1,49811
829,40943274,41352149,408875,1,49794
830,40993136,41401911,408775,1,49784
831,41043041,41451575,408534,1,49748
832,41092994,41501329,408335,1,49750
833,41142850,41551059,408209,1,49744
834,41192637,41600800,408163,1,49743
835,41242467,41650703,408236,1,49791
836,41292177,41700287,408110,1,49728
837,41341964,41750080,408116,1,49748
838,41391691,41799692,408001,1,49707
839,41441368,41849571,408203,1,49758
840,41491083,41899363,408280,1,49768
841,41540798,41949091,408293,1,49756
842,41590611,41998838,408227,1,49753
843,41640447,42048477,408030,1,49719
844,41690096,42098131,408035,1,49699
845,41739872,42147997,408125,1,49749
846,41789521,42197529,408008,1,49684
847,41839327,42247109,407782,1,49653
848,41889188,42296773,407585,1,49656
849,41938877,42346393,407516,1,49645
850,41988529,42396071,407542,1,49655
851,42038338,42445836,407498,1,49688
852,42087904,42495619,407715,1,49716
853,42137805,42545350,407545,1,49720
854,42187330,42594974,407644,1,49691
855,42236916,42644734,407818,1,49712
856,42286583,42694508,407925,1,49730
857,42336130,42744335,408205,1,49759
858,42385903,42793913,408010,1,49705
859,42435596,42843700,408104,1,49729
860,42485419,42893389,407970,1,49717
861,42535092,42943521,408429,1,49841
862,42584775,42993488,408713,1,49879
863,42634573,43043103,408530,1,49800
864,42684285,43093064,408779,1,49848
865,42734102,43143072,408970,1,49896
866,42783694,43192917,409223,1,49880
867,42833505,43242678,409173,1,49844
868,42883196,43292429,409233,1,49816
869,42933351,43342268,408917,1,49823
870,42983222,43392143,408921,1,49838
871,43032914,43442226,409312,1,49912
872,43082824,43491971,409147,1,49861
873,43132851,43541758,408907,1,49839
874,43182737,43591404,408667,1,49781
875,43232474,43641015,408541,1,49730
876,43282239,43690702,408463,1,49717
877,43332010,43740409,408399,1,49714
878,43381927,43790158,408231,1,49724
879,43431973,43839951,407978,1,49745
880,43481780,43889694,407914,1,49744
881,43531543,43939451,407908,1,49748
882,43581233,43989236,408003,1,49759
883,43630755,44039025,408270,1,49768
884,43680524,44088864,408340,1,49789
885,43730222,44138830,408608,1,49842
886,43779905,44188684,408779,1,49845
887,43829759,44238442,408683,1,49819
888,43879499,44288263,408764,1,49819
889,43929284,44338051,408767,1,49810
890,43978973,44387766,408793,1,49781
891,44028812,44437511,408699,1,49770
892,44078670,44487152,408482,1,49731
893,44128628,44536743,408115,1,49689
894,44178481,44586529,408048,1,49718
895,44228239,44636312,408073,1,49737
896,44278099,44686000,407901,1,49722
897,44327846,44735577,407731,1,49679
898,44377562,44785420,407858,1,49728
899,44427287,44835093,407806,1,49711
900,44476926,44884991,408065,1,49767
901,44526570,44934704,408134,1,49751
902,44576276,44984357,408081,1,49721
903,44626104,45034170,408066,1,49749
904,44675780,45083836,408056,1,49724
905,44725412,45133716,408304,1,49770
906,44775219,45183444,408225,1,49758
907,44824863,45233080,408217,1,49721
908,44874750,45282903,408153,1,49751
909,44924439,45332606,408167,1,49737
910,44974229,45382256,408027,1,49711
911,45023902,45432074,408172,1,49743
912,45073663,45481669,408006,1,49698
913,45123513,45531534,408021,1,49748
914,45173230,45581368,408138,1,49774
915,45222832,45631008,408176,1,49733
916,45272717,45680787,408070,1,49747
917,45322416,45730341,407925,1,49689
918,45372028,45779945,407917,1,49663
919,45421869,45829773,407904,1,49713
920,45471483,45879433,407950,1,49697
921,45521362,45929107,407745,1,49690
922,45571181,45978803,407622,1,49691
923,45620717,46028834,408117,1,49793
924,45670568,46078678,408110,1,49808
925,45720081,46128335,408254,1,49763
926,45769753,46178125,408372,1,49771
927,45819505,46227825,408320,1,49749
928,45869235,46277690,408455,1,49784
929,45918869,46327293,408424,1,49729
930,45968582,46377064,408482,1,49742
931,46018622,46426837,408215,1,49751
932,46068389,46476737,408348,1,49796
933,46118165,46526399,408234,1,49755
934,46167891,46576034,408143,1,49719
935,46217630,46625662,408032,1,49692
936,46267409,46675400,407991,1,49705
937,46317123,46724911,407788,1,49647
938,46366860,46774629,407769,1,49668
939,46416611,46824444,407833,1,49712
940,46466504,46874122,407618,1,49702
941,46516191,46923832,407641,1,49704
942,46565860,46973343,407483,1,49646
943,46615457,47022973,407516,1,49641
944,46665187,47072821,407634,1,49703
945,46714719,47122522,407803,1,49702
946,46764443,47172175,407732,1,49687
947,46814247,47222020,407773,1,49734
948,46863833,47271826,407993,1,49756
949,46913676,47321470,407794,1,49722
950,46963141,47371203,408062,1,49725
951,47012774,47420826,408052,1,49694
952,47062576,47470538,407962,1,49700
953,47112309,47520320,408011,1,49724
954,47161982,47570174,408192,1,49763
955,47211821,47620036,408215,1,49793
956,47261660,47669848,408188,1,49798
957,47311248,47719619,408371,1,49790
958,47361033,47769299,408266,1,49757
959,47410635,47819051,408416,1,49755
960,47460352,47868925,408573,1,49791
961,47510163,47918704,408541,1,49787
962,47559911,47968436,408525,1,49770
963,47609842,48018008,408166,1,49711
964,47659630,48067734,408104,1,49715
965,47709458,48117686,408228,1,49786
966,47759046,48167399,408353,1,49764
967,47808843,48217182,408339,1,49770
968,47858707,48267153,408446,1,49830
969,47908504,48317003,408499,1,49836
970,47958265,48366494,408229,1,49732
971,48007745,48416295,408550,1,49753
972,48057505,48466282,408777,1,49823
973,48107472,48515895,408423,1,49760
974,48157214,48565511,408297,1,49716
975,48207015,48615380,408365,1,49762
976,48256991,48665159,408168,1,49767
977,48306809,48714958,408149,1,49776
978,48356309,48764806,408497,1,49798
979,48406100,48814449,408349,1,49751
980,48456018,48864234,408216,1,49761
981,48505703,48913935,408232,1,49743
982,48555294,48963747,408453,1,49764
983,48605167,49013591,408424,1,49788
984,48654900,49063234,408334,1,49744
985,48704733,49113081,408348,1,49775
986,48754577,49162904,408327,1,49789
987,48804267,49212572,408305,1,49753
988,48854043,49262253,408210,1,49731
989,48903719,49311984,408265,1,49731
990,48953561,49361785,408224,1,49752
991,49003373,49411418,408045,1,49716
992,49053082,49461108,408026,1,49708
993,49102833,49510926,408093,1,49741
994,49152686,49560785,408099,1,49776
995,49202389,49610579,408190,1,49781
996,49252038,49660222,408184,1,49740
997,49301789,49710035,408246,1,49762
998,49351585,49759621,408036,1,49709
999,49401188,49809477,408289,1,49753
1000,49450945,49859224,408279,1,49751
1001,49500748,49908852,408104,1,49714
1002,49550621,49958647,408026,1,49738
1003,49600352,50008337,407985,1,49723
1004,49650055,50058003,407948,1,49706
1005,49699778,50107574,407796,1,49665
1006,49749432,50157405,407973,1,49715
1007,49799259,50207206,407947,1,49741
1008,49849080,50257018,407938,1,49762
1009,49898703,50306693,407990,1,49736
1010,49948391,50356350,407959,1,49712
1011,49998146,50405961,407815,1,49681
1012,50047807,50455706,407899,1,49700
1013,50097424,50505423,407999,1,49705
1014,50147144,50555240,408096,1,49739
1015,50197027,50604869,407842,1,49706
1016,50246767,50654848,408081,1,49787
1017,50296435,50704546,408111,1,49760
1018,50346175,50754276,408101,1,49751
1019,50395754,50804013,408259,1,49747
1020,50445520,50853884,408364,1,49784
1021,50495203,50903554,408351,1,49750
1022,50545033,50953187,408154,1,49714
1023,50594715,51003022,408307,1,49750
1024,50644595,51052774,408179,1,49751
1025,50694418,51102631,408213,1,49782
1026,50744083,51152323,408240,1,49755
1027,50793779,51202058,408279,1,49749
1028,50843630,51251695,408065,1,49715
1029,50893382,51301521,408139,1,49748
1030,50943000,51351274,408274,1,49750
1031,50992791,51400874,408083,1,49705
1032,51042588,51450716,408128,1,49746
1033,51092421,51500547,408126,1,49771
1034,51142157,51550284,408127,1,49761
1035,51191825,51600009,408184,1,49750
1036,51241575,51649706,408131,1,49734
1037,51291309,51699522,408213,1,49758
1038,51341082,51749249,408167,1,49749
1039,51390729,51799041,408312,1,49762
1040,51440463,51848850,408387,1,49776
1041,51490356,51898689,408333,1,49795
1042,51540082,51948146,408064,1,49693
1043,51589823,51997889,408066,1,49708
1044,51639519,52047587,408068,1,49705
1045,51689328,52097144,407816,1,49660
1046,51739000,52146791,407791,1,49656
1047,51788779,52196605,407826,1,49703
1048,51838681,52246371,407690,1,49722
1049,51888469,52296087,407618,1,49720
1050,51937958,52345823,407865,1,49725
1051,51987631,52395645,408014,1,49754
1052,52037398,52445341,407943,1,49736
1053,52086927,52495215,408288,1,49777
1054,52136617,52545051,408434,1,49795
1055,52186439,52594832,408393,1,49791
1056,52236151,52644592,408441,1,49781
1057,52285897,52694226,408329,1,49737
1058,52335629,52743990,408361,1,49745
1059,52385423,52793871,408448,1,49786
1060,52435144,52843612,408468,1,49772
1061,52485051,52893481,408430,1,49801
1062,52534795,52943164,408369,1,49765
1063,52584583,52992942,408359,1,49769
1064,52634417,53042631,408214,1,49745
1065,52683964,53092703,408739,1,49843
1066,52733800,53142660,408860,1,49877
1067,52783686,53191933,408247,1,49696
1068,52833425,53241671,408246,1,49708
1069,52883266,53291525,408259,1,49752
1070,52933039,53341383,408344,1,49783
1071,52982767,53391187,408420,1,49789
1072,53032406,53441025,408619,1,49804
1073,53082511,53490811,408300,1,49798
1074,53132470,53540441,407971,1,49748
1075,53181760,53590214,408454,1,49755
1076,53231440,53639917,408477,1,49739
1077,53281335,53689597,408262,1,49721
1078,53331188,53739314,408126,1,49720
1079,53380958,53789030,408072,1,49719
1080,53430809,53838694,407885,1,49702
1081,53480586,53888382,407796,1,49698
1082,53530233,53938174,407941,1,49726
1083,53580014,53987772,407758,1,49687
1084,53629697,54037528,407831,1,49708
1085,53679378,54087225,407847,1,49704
1086,53729118,54137072,407954,1,49747
1087,53778850,54186584,407734,1,49676
1088,53828444,54236518,408074,1,49754
1089,53878126,54286488,408362,1,49818
1090,53927919,54336190,408271,1,49783
1091,53977603,54385992,408389,1,49789
1092,54027239,54435655,408416,1,49751
1093,54077047,54485344,408297,1,49732
1094,54126833,54535061,408228,1,49727
1095,54176395,54584776,408381,1,49724
1096,54226320,54634530,408210,1,49733
1097,54276250,54684227,407977,1,49722
1098,54325961,54733996,408035,1,49736
1099,54375801,54783719,407918,1,49732
1100,54425430,54833510,408080,1,49749
1101,54475061,54883229,408168,1,49740
1102,54524907,54933083,408176,1,49774
1103,54574606,54982776,408170,1,49750
1104,54624283,55032375,408092,1,49704
1105,54673972,55082028,408056,1,49689
1106,54723742,55131887,408145,1,49740
1107,54773555,55181794,408239,1,49790
1108,54823276,55231441,408165,1,49747
1109,54872983,55281088,408105,1,49717
1110,54922824,55331890,409066,1,50042
1111,54972517,55381583,409066,1,49937
1112,55022161,55431084,408923,1,49806
1113,55071824,55480868,409044,1,49799
1114,55121715,55530614,408899,1,49783
1115,55171596,55580367,408771,1,49774
1116,55221275,55630213,408938,1,49795
1117,55270931,55679878,408947,1,49756
1118,55321722,55729757,408035,1,49793
1119,55371413,55779480,408067,1,49772
1120,55420874,55829272,408398,1,49778
1121,55470661,55879108,408447,1,49795
1122,55520417,55928830,408413,1,49773
1123,55570189,55978619,408430,1,49778
1124,55619992,56028445,408453,1,49792
1125,55669682,56078126,408444,1,49759
1126,55719516,56128193,408677,1,49851
1127,55769350,56177896,408546,1,49806
1128,55819007,56227496,408489,1,49744
1129,55868915,56277375,408460,1,49785
1130,55918646,56327244,408598,1,49810
1131,55968362,56376747,408385,1,49718
1132,56018260,56426504,408244,1,49729
1133,56067869,56476055,408186,1,49676
1134,56117973,56525860,407887,1,49714
1135,56167709,56575492,407783,1,49689
1136,56217368,56625398,408030,1,49754
1137,56267169,56675197,408028,1,49768
1138,56317020,56724835,407815,1,49729
1139,56366604,56774717,408113,1,49774
1140,56416304,56824249,407945,1,49702
1141,56465882,56873941,408059,1,49699
1142,56515605,56924216,408611,1,49871
1143,56565353,56973830,408477,1,49794
1144,56615192,57023872,408680,1,49868
1145,56664979,57073977,408998,1,49939
1146,56714656,57123591,408935,1,49841
1147,56764513,57173021,408508,1,49718
1148,56814076,57222664,408588,1,49695
1149,56863754,57272174,408420,1,49640
1150,56914060,57321854,407794,1,49652
1151,56963634,57371586,407952,1,49676
1152,57013700,57421387,407687,1,49713
1153,57063723,57471310,407587,1,49776
1154,57113425,57521199,407774,1,49810
1155,57162783,57570830,408047,1,49756
1156,57212485,57620497,408012,1,49729
1157,57262003,57670282,408279,1,49746
1158,57311640,57719955,408315,1,49724
1159,57361418,57769740,408322,1,49742
1160,57411205,57819591,408386,1,49775
1161,57461134,57869441,408307,1,49797
1162,57510967,57919196,408229,1,49784
1163,57560606,57969067,408461,1,49810
1164,57610332,58019097,408765,1,49876
1165,57660057,58068689,408632,1,49791
1166,57709810,58118495,408685,1,49795
1167,57759523,58168221,408698,1,49774
1168,57809386,58217815,408429,1,49720
1169,57859181,58267321,408140,1,49656
1170,57909040,58317081,408041,1,49687
1171,57958815,58366729,407914,1,49675
1172,58008886,58416451,407565,1,49689
1173,58058481,58466135,407654,1,49687
1174,58108200,58515932,407732,1,49720
1175,58158035,58565735,407700,1,49745
1176,58207572,58615333,407761,1,49701
1177,58257096,58665093,407997,1,49718
1178,58306917,58714791,407874,1,49712
1179,58356532,58764478,407946,1,49704
1180,58406264,58814280,408016,1,49734
1181,58455959,58863953,407994,1,49715
1182,58505781,58913628,407847,1,49703
1183,58555524,58963144,407620,1,49647
1184,58605204,59012637,407433,1,49600
1185,58654891,59062369,407478,1,49640
1186,58704538,59112282,407744,1,49722
1187,58754297,59162129,407832,1,49759
1188,58804086,59211612,407526,1,49676
1189,58853768,59261190,407422,1,49647
1190,58903372,59310991,407619,1,49693
1191,58952969,59360725,407756,1,49705
1192,59002464,59410426,407962,1,49704
1193,59052114,59460297,408183,1,49754
1194,59102096,59509876,407780,1,49701
1195,59151904,59559319,407415,1,49624
1196,59201454,59608684,407230,1,49546
1197,59251036,59658043,407007,1,49490
1198,59300768,59707564,406796,1,49499
1199,59350499,59756943,406444,1,49463
1200,59400233,59806117,405884,1,49376
