it,start,end,latency,sol,period
1,0,1840652,1840652,1,364830
2,82015,2205482,2123467,1,364830
3,166019,2526375,2360356,1,351648
4,244917,2843047,2598130,1,341155
5,334012,3185946,2851934,1,341678
6,414012,3473555,3059543,1,325457
7,502011,3745768,3243757,1,309484
8,586011,3994461,3408450,1,291246
9,647612,4243023,3595411,1,278441
10,690112,4492309,3802197,1,269694
11,831499,4742104,3910605,1,263724
12,1057021,4991608,3934587,1,259458
13,1296311,5241329,3945018,1,256537
14,1522301,5489725,3967424,1,254094
15,1749994,5738463,3988469,1,252487
16,1973134,5986642,4013508,1,251195
17,2212285,6235266,4022981,1,250423
18,2429317,6483559,4054242,1,249784
19,2632795,6732231,4099436,1,249450
20,2832712,6980592,4147880,1,249123
21,3036075,7229280,4193205,1,248993
22,3232990,7477741,4244751,1,248833
23,3433691,7725866,4292175,1,248620
24,3629629,7974437,4344808,1,248605
25,3832266,8222678,4390412,1,248496
26,4033711,8474351,4440640,1,249449
27,4234512,8724556,4490044,1,249676
28,4433847,8975261,4541414,1,249984
29,4648246,9224405,4576159,1,249732
30,4853756,9473244,4619488,1,249464
31,5055487,9721399,4665912,1,249071
32,5254440,9970543,4716103,1,249093
33,5458703,10218825,4760122,1,248849
34,5660624,10468480,4807856,1,249091
35,5855597,10717425,4861828,1,249047
36,6056861,10966711,4909850,1,249119
37,6262179,11215460,4953281,1,249008
38,6461552,11464639,5003087,1,249059
39,6656382,11712999,5056617,1,248849
40,6858059,11961832,5103773,1,248844
41,7060898,12210128,5149230,1,248680
42,7270160,12458961,5188801,1,248725
43,7464065,12707269,5243204,1,248600
44,7661230,12956240,5295010,1,248711
45,7863752,13205407,5341655,1,248848
46,8067496,13454353,5386857,1,248877
47,8270662,13702684,5432022,1,248713
48,8469750,13951506,5481756,1,248746
49,8676637,14199792,5523155,1,248608
50,8879939,14448618,5568679,1,248673
51,9076657,14702242,5625585,1,250158
52,9275262,14957401,5682139,1,251658
53,9480899,15212050,5731151,1,252555
54,9684608,15467132,5782524,1,253313
55,9884968,15680048,5795080,1,241194
56,10078798,15893442,5814644,1,232854
57,10289680,16106372,5816692,1,226876
58,16136589,18826803,2690214,2,974943
59,16254012,19472702,3218690,2,876229
60,16418011,20118479,3700468,2,807094
61,16594011,20712965,4118954,2,743311
62,16758057,21282374,4524317,2,691140
63,16933671,21850351,4916680,2,654191
64,17129024,22415733,5286709,2,627548
65,17301783,22974802,5673019,2,607004
66,17487124,23525999,6038875,2,590262
67,17659352,24075231,6415879,2,577953
68,17817604,24623023,6805419,2,568904
69,17972560,25168009,7195449,2,561729
70,18127648,25711109,7583461,2,556140
71,18284569,26248556,7963987,2,550532
72,18439020,26784914,8345894,2,546280
73,18632319,27313983,8681664,2,541116
74,18846200,27838524,8992324,2,536144
75,19060013,28363654,9303641,2,532839
76,19269672,28888032,9618360,2,530301
77,19466698,29413593,9946895,2,528879
78,19666053,29938626,10272573,2,527725
79,19874386,30466732,10592346,2,527839
80,20074433,30994198,10919765,2,527727
81,20279005,31522328,11243323,2,527848
82,20473782,32050196,11576414,2,527854
83,20680694,32576586,11895892,2,527414
84,20873942,33104700,12230758,2,527624
85,21078135,33633443,12555308,2,527960
86,21278027,34162146,12884119,2,528183
87,21472750,34690628,13217878,2,528272
88,21674168,35219683,13545515,2,528507
89,21873729,35749980,13876251,2,529044
90,22066134,36279331,14213197,2,529136
91,22270988,36808070,14537082,2,529017
92,22459999,37336820,14876821,2,528936
93,22650149,37866067,15215918,2,529029
94,22849087,38394886,15545799,2,528966
95,23048781,38922841,15874060,2,528663
96,23242337,39451879,16209542,2,528775
97,23431931,39981359,16549428,2,528986
98,23621563,40509005,16887442,2,528584
99,23821954,41037412,17215458,2,528531
100,24015564,41565595,17550031,2,528426
101,24200463,42093401,17892938,2,528240
102,24393020,42621925,18228905,2,528325
103,24590319,43150708,18560389,2,528462
104,24795367,43679256,18883889,2,528488
105,24988100,44207874,19219774,2,528527
106,25174922,44737893,19562971,2,528974
107,25368156,45268668,19900512,2,529514
108,25564759,45798035,20233276,2,529470
109,25749208,46326340,20577132,2,529120
110,25935683,46855956,20920273,2,529269
111,26131328,47384170,21252842,2,528952
112,26321222,47912326,21591104,2,528713
113,26503714,48440378,21936664,2,528515
114,26693035,48967959,22274924,2,528234
115,26865804,49495290,22629486,2,527963
116,27038020,50024757,22986737,2,528414
117,27210245,50554674,23344429,2,528865
118,27382785,51083649,23700864,2,528898
119,27555232,51615644,24060412,2,529827
120,28033253,52148719,24115466,2,530801
121,28547115,52685162,24138047,2,532494
122,29087318,53215320,24128002,2,531793
123,29596240,53748144,24151904,2,532102
124,30114191,54278651,24164460,2,531623
125,30633736,54806717,24172981,2,530556
126,31164280,55335070,24170790,2,529895
127,31692578,55861885,24169307,2,528971
128,32205773,56389675,24183902,2,528616
129,32773550,56918123,24144573,2,528566
130,33306864,57446823,24139959,2,528606
131,33835279,57975321,24140042,2,528573
132,34362688,58504972,24142284,2,528896
133,34878473,59033146,24154673,2,528680
134,35426554,59562084,24135530,2,528757
135,35949246,60088671,24139425,2,528106
136,36465694,60616327,24150633,2,527971
137,36993343,61143915,24150572,2,527856
138,37533695,61671235,24137540,2,527695
139,38054569,62199130,24144561,2,527755
140,38572119,62728976,24156857,2,528382
141,39107397,63250740,24143343,2,526396
142,39664023,63771725,24107702,2,524773
143,40160458,64293225,24132767,2,523791
144,40692444,64807548,24115104,2,520950
145,41220926,65319353,24098427,2,518207
146,41755654,65833649,24077995,2,517033
147,42303146,66348816,24045670,2,516473
148,42816407,66857762,24041355,2,514215
149,43349416,67367198,24017782,2,512781
150,43879689,67876516,23996827,2,511742
151,44435357,68386637,23951280,2,511256
152,44961117,68889729,23928612,2,508806
153,45468110,69393351,23925241,2,507251
154,45976833,69896978,23920145,2,506164
155,46537353,70401303,23863950,2,505612
156,47029928,70899670,23869742,2,503438
157,47561835,71398202,23836367,2,501966
158,48089667,71896545,23806878,2,500879
159,48607436,72395457,23788021,2,500289
160,49131471,72893010,23761539,2,499468
161,49679257,73391035,23711778,2,499035
162,50215900,73888656,23672756,2,498611
163,50744570,74386286,23641716,2,498316
164,51298762,74883428,23584666,2,497964
165,51827818,75381005,23553187,2,497848
166,52403186,75878536,23475350,2,497752
167,52913993,76375678,23461685,2,497569
168,53470089,76872686,23402597,2,497401
169,53975957,77369738,23393781,2,497296
170,54460205,77867009,23406804,2,497288
171,54988858,78364008,23375150,2,497201
172,55498374,78860896,23362522,2,497107
173,56036583,79357757,23321174,2,497033
174,56574983,79854885,23279902,2,497061
175,57101279,80351720,23250441,2,496993
176,57634924,80848439,23213515,2,496911
177,58148335,81345206,23196871,2,496868
178,58683808,81842171,23158363,2,496897
179,59205961,82271621,23065660,2,476663
