it,start,end,latency,sol,period
1,0,1709712,1709712,1,240703
2,54042,1950415,1896373,1,240702
3,101446,2192047,2090601,1,240981
4,146374,2432796,2286422,1,240911
5,187411,2673666,2486255,1,240899
6,222312,2918306,2695994,1,242021
7,258539,3158997,2900458,1,241622
8,300999,3400618,3099619,1,241621
9,343405,3649163,3305758,1,243698
10,402226,3897413,3495187,1,245064
11,520295,4144143,3623848,1,245563
12,639901,4388100,3748199,1,245081
13,758552,4635899,3877347,1,245897
14,874369,4874129,3999760,1,243596
15,978012,5111531,4133519,1,241738
16,1092910,5349285,4256375,1,240543
17,1233050,5586708,4353658,1,239607
18,1356231,5821394,4465163,1,238130
19,1488508,6053392,4564884,1,236290
20,1596263,6282439,4686176,1,234117
21,1703227,6505142,4801915,1,230693
22,1821489,6727912,4906423,1,228316
23,1948422,6950279,5001857,1,226531
24,2057836,7180447,5122611,1,227622
25,2161448,7410964,5249516,1,228490
26,2270220,7641151,5370931,1,228999
27,2378617,7872274,5493657,1,229636
28,2490433,8101320,5610887,1,229459
29,2580269,8329780,5749511,1,229159
30,2700207,8558496,5858289,1,229026
31,2792300,8787356,5995056,1,228976
32,2883094,9015901,6132807,1,228847
33,2986435,9244405,6257970,1,228744
34,3087666,9473464,6385798,1,228838
35,3187832,9704794,6516962,1,229586
36,3286318,9942671,6656353,1,232073
37,3383280,10180015,6796735,1,233654
38,3480735,10417512,6936777,1,234807
39,3584775,10652345,7067570,1,234814
40,3686196,10887421,7201225,1,234893
41,3783669,11121969,7338300,1,234789
42,3883166,11357212,7474046,1,234925
43,3977961,11590914,7612953,1,234558
44,4082239,11825347,7743108,1,234520
45,4178956,12058855,7879899,1,234217
46,4279645,12292265,8012620,1,233974
47,4380440,12527280,8146840,1,234286
48,4476342,12766090,8289748,1,235643
49,4575056,13002416,8427360,1,235848
50,4675334,13234511,8559177,1,234722
51,4775158,13466798,8691640,1,233991
52,4872342,13698882,8826540,1,233419
53,4966756,13928504,8961748,1,232280
54,5064714,14156483,9091769,1,230989
55,5159205,14384246,9225041,1,230021
56,5259995,14611318,9351323,1,229136
57,5350868,14832919,9482051,1,226876
58,5448724,15054466,9605742,1,225277
59,5542894,15276210,9733316,1,224217
60,5637093,15493721,9856628,1,222205
61,5731665,15708352,9976687,1,219933
62,5827186,15923742,10096556,1,218570
63,5924528,16138726,10214198,1,217494
64,6016121,16354092,10337971,1,216855
65,6114070,16568633,10454563,1,216161
66,6209451,16784002,10574551,1,215923
67,6301924,16998631,10696707,1,215535
68,6524412,17212125,10687713,1,214922
69,6752930,17426160,10673230,1,214656
70,6987889,17639688,10651799,1,214317
71,7204483,17852976,10648493,1,214008
72,7450766,18065931,10615165,1,213692
73,7662150,18279300,10617150,1,213595
74,7900969,18492267,10591298,1,213407
75,8096419,18705134,10608715,1,213245
76,8334211,18918591,10584380,1,213308
77,8562913,19131688,10568775,1,213245
78,8800138,19345148,10545010,1,213309
79,9029551,19558128,10528577,1,213210
80,9255602,19771545,10515943,1,213272
81,9500991,19984417,10483426,1,213152
82,9759030,20197394,10438364,1,213099
83,10003857,20410828,10406971,1,213200
84,10257918,20623684,10365766,1,213096
85,20637592,23582112,2944520,2,1036696
86,20732426,24181341,3448915,2,905456
87,20840876,24799322,3958446,2,819213
88,20932442,25380186,4447744,2,747708
89,21017635,25976778,4959143,2,702373
90,21102590,26608674,5506084,2,681230
91,21187473,27140803,5953330,2,636499
92,21272718,27617379,6344661,2,588522
93,21357594,28080260,6722666,2,550830
94,21442480,28543835,7101355,2,524653
95,21557154,29002890,7445736,2,504974
96,21685201,29460918,7775717,2,490890
97,21850431,29920012,8069581,2,481351
98,22029446,30380489,8351043,2,475089
99,22203912,30842471,8638559,2,471156
100,22385200,31305035,8919835,2,468579
101,22589203,31763910,9174707,2,465667
102,22737878,32228357,9490479,2,465301
103,22905049,32694556,9789507,2,465570
104,23015923,33159090,10143167,2,465259
105,23214344,33620975,10406631,2,464247
106,23421199,34087436,10666237,2,464911
107,23567146,34549770,10982624,2,464138
108,23740089,35008591,11268502,2,462543
109,23937198,35469071,11531873,2,461924
110,24108611,35933886,11825275,2,462791
111,24277016,36396334,12119318,2,462688
112,24478141,36859301,12381160,2,462771
113,24669831,37324561,12654730,2,463518
114,24828603,37793113,12964510,2,465028
115,24986807,38255439,13268632,2,464217
116,25071398,38721573,13650175,2,464792
117,25188624,39185870,13997246,2,464643
118,25359704,39646363,14286659,2,463398
119,25587713,40107393,14519680,2,462688
120,25674736,40570648,14895912,2,462858
121,25813201,41032426,15219225,2,462534
122,25921358,41492844,15571486,2,461899
123,26092042,41954223,15862181,2,461743
124,26235715,42416282,16180567,2,461837
125,26312206,42878850,16566644,2,462056
126,26405996,43341759,16935763,2,462312
127,26529918,43804224,17274306,2,462358
128,26608587,44266862,17658275,2,462442
129,26790831,44730212,17939381,2,462714
130,26911787,45192277,18280490,2,462519
131,26992286,45653378,18661092,2,462094
132,27069621,46113039,19043418,2,461364
133,27159815,46572795,19412980,2,460881
134,27265087,47031716,19766629,2,460293
135,27359045,47491199,20132154,2,460050
136,27453463,47945868,20492405,2,458435
137,27544336,48403426,20859090,2,458172
138,27846968,48867111,21020143,2,459826
139,28320216,49328274,21008058,2,460227
140,28787273,49788245,21000972,2,460150
141,29228380,50249199,21020819,2,460391
142,29743848,50708802,20964954,2,460154
143,30205807,51168716,20962909,2,460082
144,30702858,51627816,20924958,2,459787
145,31182801,52087573,20904772,2,459778
146,31649400,52552574,20903174,2,461345
147,32126387,53012954,20886567,2,461055
148,32605923,53470942,20865019,2,460135
149,33062437,53928860,20866423,2,459470
150,33540041,54386634,20846593,2,458961
151,34066915,54843211,20776296,2,458246
152,34465248,55298589,20833341,2,457385
153,34940732,55758650,20817918,2,458188
154,35404836,56219889,20815053,2,459103
155,35860550,56680772,20820222,2,459637
156,36314334,57141893,20827559,2,460082
157,36747818,57603355,20855537,2,460496
158,37248898,58060920,20812022,2,459616
159,37665563,58518728,20853165,2,459074
160,38171072,58976340,20805268,2,458635
161,38653912,59432993,20779081,2,458040
162,39050950,59884335,20833385,2,456031
163,39503609,60335141,20831532,2,454463
164,40021255,60785957,20764702,2,453369
165,40478578,61230675,20752097,2,450773
166,40962770,61674601,20711831,2,448719
167,41444385,62118437,20674052,2,447254
168,41927245,62563337,20636092,2,446548
169,42353739,63000737,20646998,2,443803
170,42793784,63439528,20645744,2,442299
171,43254110,63877611,20623501,2,441034
172,43703691,64317395,20613704,2,440659
173,44177168,64748966,20571798,2,437933
174,44646152,65181337,20535185,2,436264
175,45101287,65613828,20512541,2,435132
176,45574493,66049656,20475163,2,435341
177,46028986,66480706,20451720,2,434053
178,46474669,66911498,20436829,2,433075
179,46937228,67341073,20403845,2,432025
180,47410855,67770997,20360142,2,431394
181,47907364,68200107,20292743,2,430709
182,48376571,68629651,20253080,2,430359
183,48825105,69059201,20234096,2,430116
184,49251770,69488755,20236985,2,429947
185,49728467,69918303,20189836,2,429827
186,50173619,70347735,20174116,2,429709
187,50625022,70777243,20152221,2,429648
188,51078518,71205984,20127466,2,429376
189,51561155,71635468,20074313,2,429408
190,52004300,72064944,20060644,2,429428
191,52486073,72494369,20008296,2,429427
192,52935360,72923645,19988285,2,429382
