it,start,end,latency,execution,sol
1,0,47829,47829,61537,1
2,13848,67793,53945,29776,1
3,23681,87485,63804,29389,1
4,33385,107279,73894,29867,1
5,43466,126955,83489,29488,1
6,53285,146664,93379,29534,1
7,63116,166334,103218,29501,1
8,72955,186079,113124,29520,1
9,82736,205741,123005,29430,1
10,92510,225417,132907,29429,1
11,102269,245128,142859,29483,1
12,112045,264804,152759,29399,1
13,121774,284480,162706,29416,1
14,131519,304036,172517,29277,1
15,141245,323646,182401,29320,1
16,150960,342989,192029,29111,1
17,160734,362657,201923,29389,1
18,170459,382190,211731,29307,1
19,180238,401628,221390,29131,1
20,189937,420968,231031,29109,1
21,199712,440382,240670,29109,1
22,209411,459747,250336,29103,1
23,219155,479259,260104,29204,1
24,228851,498552,269701,29029,1
25,238593,518061,279468,29234,1
26,248322,537426,289104,29146,1
27,258108,556875,298767,29172,1
28,267837,576399,308562,29256,1
29,277572,595834,318262,29135,1
30,287278,616084,328806,36840,1
31,303876,635479,331603,38910,1
32,323400,655025,331625,38999,1
33,342861,674391,331530,38969,1
34,362470,694189,331719,39278,1
35,381958,713840,331882,39047,1
36,401362,733465,332103,39044,1
37,420789,753209,332420,39111,1
38,440164,772807,332643,38984,1
39,459557,792215,332658,38848,1
40,479005,811597,332592,38798,1
41,498428,831035,332607,38843,1
42,517840,850395,332555,38771,1
43,537257,869853,332596,38926,1
44,556731,889322,332591,38892,1
45,576162,908743,332581,38888,1
46,595637,928163,332526,39553,1
47,615778,947523,331745,38928,1
48,635353,967015,331662,38935,1
49,654801,986359,331558,38795,1
50,674259,1005894,331635,39218,1
51,693949,1025455,331506,39226,1
52,713622,1044791,331169,39001,1
53,733295,1064464,331169,39336,1
54,752964,1083995,331031,39177,1
55,772618,1103604,330986,39000,1
56,792017,1123028,331011,38811,1
57,811411,1142523,331112,38919,1
58,830843,1162099,331256,39015,1
59,850290,1181586,331296,38894,1
60,869705,1201329,331624,39157,1
61,889126,1220817,331691,38896,1
62,908542,1240251,331709,38864,1
63,927979,1259676,331697,38809,1
64,947370,1279153,331783,38863,1
65,966764,1298757,331993,39016,1
66,986182,1318410,332228,39136,1
67,1005673,1338150,332477,39233,1
68,1025174,1357825,332651,39210,1
69,1044717,1377410,332693,39116,1
70,1064262,1396739,332477,38860,1
71,1083801,1416270,332469,39081,1
72,1103357,1435611,332254,38799,1
73,1122821,1455011,332190,38955,1
74,1142382,1474448,332066,38963,1
75,1161916,1493939,332023,39002,1
76,1181432,1513197,331765,38880,1
77,1201064,1532614,331550,38995,1
78,1220648,1552011,331363,38796,1
79,1240054,1571405,331351,38817,1
80,1259483,1590797,331314,38837,1
81,1278938,1610266,331328,39154,1
82,1298629,1629656,331027,38984,1
83,1318230,1649027,330797,39037,1
84,1337904,1668574,330670,39213,1
85,1357576,1687872,330296,38960,1
86,1377245,1707363,330118,38849,1
87,1396610,1726781,330171,38829,1
88,1416029,1746232,330203,38833,1
89,1435418,1765647,330229,38784,1
90,1454794,1785023,330229,38813,1
91,1474238,1804741,330503,39159,1
92,1493687,1824198,330511,38828,1
93,1513067,1843766,330699,38900,1
94,1532406,1863338,330932,38950,1
95,1551791,1882783,330992,38893,1
96,1571245,1902475,331230,39092,1
97,1590651,1922160,331509,39086,1
98,1610060,1941841,331781,39092,1
99,1629478,1961525,332047,39092,1
100,1648894,1981193,332299,39103,1
101,1668337,2000655,332318,38833,1
102,1687716,2020148,332432,38948,1
103,1707177,2039479,332302,38742,1
104,1726596,2058917,332321,38853,1
105,1746018,2078430,332412,38944,1
106,1765455,2097836,332381,38802,1
107,1784858,2117233,332375,39055,1
108,1804528,2136656,332128,38897,1
109,1824010,2156103,332093,38999,1
110,1843568,2175655,332087,39097,1
111,1863133,2195256,332123,39100,1
112,1882640,2214815,332175,39204,1
113,1902292,2234674,332382,39520,1
114,1921960,2254313,332353,39303,1
115,1941630,2273956,332326,39304,1
116,1961299,2295179,333880,40885,1
117,1980969,2314923,333954,39238,1
118,2000470,2334702,334232,39216,1
119,2019915,2354420,334505,39102,1
120,2039305,2374226,334921,39267,1
121,2058773,2394239,335466,39438,1
122,2078206,2414125,335919,39287,1
123,2097614,2434134,336520,39394,1
124,2117006,2454023,337017,39297,1
125,2136421,2473916,337495,39359,1
126,2155895,2493601,337706,39227,1
127,2175444,2513084,337640,39055,1
128,2195024,2532887,337863,39337,1
129,2214564,2552513,337949,39557,1
130,2234503,2572207,337704,39401,1
131,2254218,2591558,337340,38871,1
132,2273746,2611040,337294,40741,1
133,2295013,2630499,335486,39143,1
134,2314703,2649890,335187,39168,1
135,2334487,2669389,334902,39201,1
136,2354197,2688750,334553,39189,1
137,2374033,2708176,334143,39374,1
138,2393988,2727557,333569,39301,1
139,2413913,2747012,333099,39443,1
140,2433909,2766264,332355,39184,1
141,2453848,2785739,331891,39348,1
142,2473728,2805142,331414,39015,1
143,2493346,2824619,331273,39125,1
144,2512999,2843989,330990,38992,1
145,2532629,2863467,330838,39149,1
146,2552305,2882888,330583,39112,1
147,2572003,2902281,330278,38752,1
148,2591370,2921757,330387,38913,1
149,2610813,2941148,330335,38834,1
150,2630264,2960650,330386,38912,1
151,2649680,2980006,330326,38811,1
152,2669142,2999466,330324,38870,1
153,2688560,3019211,330651,39161,1
154,2707982,3038720,330738,38888,1
155,2727369,3058189,330820,38808,1
156,2746715,3077596,330881,38823,1
157,2766136,3097298,331162,39113,1
158,2785589,3117051,331462,39141,1
159,2804984,3136677,331693,39052,1
160,2824418,3156491,332073,39183,1
161,2843794,3176128,332334,39121,1
162,2863286,3195696,332410,38962,1
163,2882685,3215221,332536,38940,1
164,2902106,3234730,332624,38948,1
165,2921553,3254224,332671,39020,1
166,2941087,3273744,332657,38824,1
167,2960397,3293113,332716,38786,1
168,2979820,3312601,332781,38899,1
169,2999238,3332051,332813,39196,1
170,3018992,3351524,332532,38945,1
171,3038472,3370847,332375,38864,1
172,3058021,3390276,332255,38833,1
173,3077431,3409701,332270,39145,1
174,3097159,3429124,331965,39110,1
175,3116854,3448584,331730,39148,1
176,3136549,3468007,331458,39103,1
177,3156235,3487372,331137,39118,1
178,3175994,3506758,330764,38872,1
179,3195487,3526196,330709,38934,1
180,3214989,3545742,330753,39069,1
181,3234518,3565074,330556,38819,1
182,3254013,3584497,330484,38919,1
183,3273516,3604219,330703,39117,1
184,3292918,3623626,330708,38901,1
185,3312420,3643176,330756,38986,1
186,3331863,3662515,330652,38754,1
187,3351285,3682006,330721,38842,1
188,3370642,3701528,330886,38906,1
189,3390033,3721065,331032,39021,1
190,3409525,3740524,330999,38903,1
191,3428975,3760087,331112,38957,1
192,3448374,3779670,331296,38968,1
193,3467765,3799049,331284,38791,1
194,3487184,3818537,331353,38913,1
195,3506617,3837959,331342,38823,1
196,3526025,3857385,331360,38877,1
197,3545483,3876731,331248,38717,1
198,3564862,3896165,331303,38871,1
199,3584305,3915610,331305,39066,1
200,3603934,3935033,331099,38934,1
201,3623453,3954402,330949,38784,1
202,3642876,3973818,330942,38842,1
203,3662307,3993100,330793,38769,1
204,3681800,4012670,330870,39103,1
205,3701339,4032091,330752,38924,1
206,3720849,4051525,330676,39015,1
207,3740437,4070994,330557,38942,1
208,3759918,4090403,330485,38939,1
209,3779455,4109769,330314,38730,1
210,3798825,4129173,330348,38893,1
211,3818321,4148772,330451,39009,1
212,3837738,4168302,330564,38947,1
213,3857160,4187973,330813,39071,1
214,3876567,4207759,331192,39173,1
215,3895960,4227358,331398,39008,1
216,3915376,4246779,331403,38774,1
217,3934736,4266469,331733,39142,1
218,3954194,4286169,331975,39106,1
219,3973605,4305730,332125,38881,1
220,3992932,4325481,332549,39235,1
221,4012424,4345085,332661,39047,1
222,4031874,4364806,332932,39173,1
223,4051334,4384263,332929,38840,1
224,4070724,4403773,333049,38960,1
225,4090180,4423049,332869,38660,1
226,4109571,4442577,333006,38968,1
227,4129017,4461877,332860,38850,1
228,4148574,4481299,332725,38947,1
229,4168104,4500767,332663,39108,1
230,4187749,4520238,332489,39185,1
231,4207471,4539569,332098,38965,1
232,4227113,4559143,332030,39107,1
233,4246653,4578547,331894,39026,1
234,4266282,4597967,331685,39092,1
235,4285961,4617352,331391,39012,1
236,4305596,4636838,331242,39123,1
237,4325241,4656192,330951,39017,1
238,4344911,4675607,330696,39050,1
239,4364553,4694860,330307,38770,1
240,4384076,4714388,330312,38965,1
241,4403521,4733702,330181,38656,1
242,4422871,4753243,330372,38996,1
243,4442333,4772684,330351,38812,1
244,4461712,4792047,330335,38774,1
245,4481131,4811717,330586,39107,1
246,4500574,4831360,330786,39052,1
247,4519992,4850749,330757,38805,1
248,4539415,4870205,330790,38892,1
249,4558857,4889898,331041,39163,1
250,4578334,4909564,331230,39081,1
251,4597755,4929193,331438,39005,1
252,4617138,4948839,331701,39085,1
253,4636585,4968462,331877,39035,1
254,4656003,4987973,331970,38939,1
255,4675439,5007534,332095,38891,1
256,4694773,5027086,332313,38939,1
257,4714167,5046620,332453,38916,1
258,4733557,5066697,333140,39517,1
259,4753003,5086676,333673,39436,1
260,4772467,5106451,333984,39189,1
261,4791891,5126081,334190,39156,1
262,4811424,5145869,334445,39457,1
263,4831100,5165542,334442,39152,1
264,4850586,5185296,334710,39143,1
265,4869983,5204899,334916,39274,1
266,4889660,5224509,334849,39273,1
267,4909329,5244066,334737,39211,1
268,4928989,5263859,334870,39418,1
269,4948622,5283455,334833,39276,1
270,4968308,5302865,334557,38896,1
271,4987801,5322455,334654,39109,1
272,5007327,5342000,334673,39066,1
273,5026856,5361498,334642,39046,1
274,5046496,5380802,334306,39283,1
275,5381835,5447714,65879,85547,2
276,5401532,5469794,68262,41815,2
277,5421278,5491901,70623,43895,2
278,5443071,5513944,70873,42468,2
279,5463504,5535996,72492,43311,2
280,5484770,5558126,73356,42561,2
281,5505208,5580232,75024,43350,2
282,5526459,5602215,75756,41706,2
283,5546189,5624300,78111,41808,2
284,5565917,5646345,80428,41768,2
285,5585646,5668432,82786,41812,2
286,5605375,5690457,85082,41740,2
287,5625097,5712538,87441,41799,2
288,5644821,5734581,89760,41767,2
289,5664550,5756629,92079,41771,2
290,5684279,5778651,94372,41743,2
291,5704005,5800753,96748,41824,2
292,5723734,5822883,99149,41835,2
293,5743475,5844982,101507,41837,2
294,5763218,5867074,103856,41814,2
295,5782946,5889134,106188,41780,2
296,5802671,5911136,108465,41725,2
297,5822400,5933167,110767,41749,2
298,5842124,5955342,113218,41895,2
299,5861851,5977424,115573,41815,2
300,5881589,5999521,117932,41830,2
301,5901327,6021789,120462,41992,2
302,5921065,6043948,122883,41886,2
303,5940799,6066077,125278,41860,2
304,5960536,6088119,127583,41774,2
305,5980274,6110200,129926,41813,2
306,6000011,6132290,132279,41846,2
307,6019774,6154374,134600,41817,2
308,6039513,6176394,136881,41757,2
309,6059257,6198411,139154,41749,2
310,6078995,6220431,141436,41750,2
311,6098731,6242412,143681,41714,2
312,6118469,6264567,146098,41878,2
313,6138199,6286612,148413,41774,2
314,6157934,6308650,150716,41768,2
315,6177670,6330748,153078,41829,2
316,6197406,6352809,155403,41801,2
317,6217154,6374806,157652,41732,2
318,6236896,6396841,159945,41766,2
319,6256633,6418909,162276,41800,2
320,6276371,6441025,164654,41843,2
321,6296104,6463015,166911,41720,2
322,6315841,6485125,169284,41842,2
323,6335578,6507102,171524,41708,2
324,6355315,6529186,173871,41816,2
325,6375052,6551232,176180,41773,2
326,6394786,6573303,178517,41800,2
327,6414520,6595454,180934,41882,2
328,6434257,6617693,183436,41966,2
329,6453990,6639755,185765,41789,2
330,6473725,6661805,188080,41782,2
331,6493462,6683845,190383,41772,2
332,6513199,6705948,192749,41836,2
333,6532937,6728008,195071,41793,2
334,6552674,6750041,197367,41759,2
335,6572407,6772119,199712,41809,2
336,6592144,6794189,202045,41823,2
337,6611906,6816238,204332,41786,2
338,6631649,6838329,206680,41822,2
339,6651386,6860378,208992,41778,2
340,6671122,6882430,211308,41782,2
341,6690858,6904511,213653,41808,2
342,6710592,6925817,215225,41034,2
343,6730325,6945901,215576,39814,2
344,6750062,6969705,219643,43533,2
345,6769799,6991825,222026,41848,2
346,6789533,7013865,224332,41764,2
347,6809263,7035986,226723,41851,2
348,6829000,7058024,229024,41762,2
349,6848731,7080134,231403,41840,2
350,6868468,7102204,233736,41796,2
351,6888202,7124265,236063,41789,2
352,6907936,7148410,240474,43874,2
353,6927672,7170421,242749,41855,2
354,6947523,7192571,245048,41921,2
355,6967301,7214619,247318,41775,2
356,6987033,7236640,249607,41747,2
357,7006766,7256451,249685,39537,2
358,7026500,7278527,252027,41805,2
359,7046235,7300651,254416,41852,2
360,7065970,7324671,258701,41746,2
361,7085704,7346732,261028,41786,2
362,7105434,7368740,263306,41737,2
363,7125169,7390775,265606,41769,2
364,7144910,7412790,267880,41738,2
365,7164638,7434824,270186,41763,2
366,7184373,7456836,272463,41739,2
367,7204107,7478896,274789,41815,2
368,7223869,7502967,279098,43602,2
369,7243419,7525011,281592,41657,2
370,7263037,7547086,284049,41792,2
371,7282776,7569159,286383,41792,2
372,7302502,7591186,288684,41753,2
373,7322233,7613226,290993,41761,2
374,7341960,7635266,293306,41760,2
375,7361686,7657406,295720,41853,2
376,7381407,7679498,298091,41811,2
377,7401132,7703548,302416,43767,2
378,7420855,7725654,304799,41820,2
379,7440576,7747752,307176,41818,2
380,7460302,7769782,309480,41743,2
381,7480021,7791808,311787,41744,2
382,7499747,7813881,314134,41788,2
383,7519466,7835965,316499,41800,2
384,7539189,7857970,318781,41724,2
385,7558916,7881992,323076,43739,2
386,7578640,7904078,325438,41799,2
387,7598359,7926051,327692,41692,2
388,7618085,7948121,330036,41785,2
389,7637806,7970209,332403,41807,2
390,7657531,7992252,334721,41759,2
391,7677255,8014333,337078,41803,2
392,7696982,8036372,339390,41762,2
393,7716710,8058441,341731,41780,2
394,7736427,8082499,346072,43775,2
395,7756150,8104571,348421,41791,2
396,7775875,8126661,350786,41806,2
397,7795597,8148683,353086,41746,2
398,7815329,8170644,355315,41690,2
399,7835065,8192705,357640,41784,2
400,7854794,8214742,359948,41770,2
401,7874533,8236756,362223,41742,2
402,7894268,8260803,366535,43775,2
403,7914002,8282817,368815,41743,2
404,7933737,8304915,371178,41827,2
405,7953472,8327006,373534,41820,2
406,7973206,8349142,375936,41865,2
407,7992941,8371259,378318,41845,2
408,8012676,8393359,380683,41828,2
409,8032410,8415461,383051,41828,2
410,8052143,8437452,385309,41722,2
411,8071880,8461457,389577,43732,2
412,8091613,8483512,391899,41784,2
413,8111349,8505607,394258,41824,2
414,8131084,8526718,395634,40838,2
415,8150818,8546834,396016,39844,2
416,8170552,8566854,396302,39748,2
417,8190286,8586961,396675,39834,2
418,8210019,8607016,396997,39782,2
419,8229753,8627073,397320,39787,2
420,8249488,8647062,397574,39718,2
421,8269224,8667097,397873,39764,2
422,8288958,8687220,398262,39849,2
423,8308690,8707334,398644,39845,2
424,8328426,8727366,398940,39759,2
425,8348157,8747335,399178,39698,2
426,8367892,8767436,399544,39824,2
427,8387622,8787496,399874,39789,2
428,8407356,8807586,400230,39819,2
429,8427092,8827706,400614,39848,2
430,8446826,8847790,400964,39811,2
431,8466560,8867861,401301,39801,2
432,8486295,8887879,401584,39745,2
433,8506028,8907930,401902,39770,2
434,8525752,8927982,402230,40790,2
435,8546496,8948011,401515,42024,2
436,8568497,8968167,399670,47823,2
437,8596170,8988188,392018,43793,2
438,8619948,9008250,388302,43822,2
439,8643714,9028248,384534,45757,2
440,8669479,9048297,378818,45816,2
441,8695252,9068354,373102,43821,2
442,8719024,9088406,369382,43790,2
443,8742768,9108520,365752,43851,2
444,8766512,9128567,362055,47788,2
445,8794266,9148567,354301,43745,2
446,8818018,9168637,350619,43822,2
447,8841776,9188700,346924,41821,2
448,8863551,9208752,345201,41811,2
449,8885318,9228852,343534,41833,2
450,8907055,9248901,341846,43821,2
451,8930833,9268976,338143,41830,2
452,8952596,9289017,336421,41801,2
453,8974363,9309061,334698,41775,2
454,8996100,9329170,333070,41914,2
455,9017914,9349172,331258,41754,2
456,9039672,9369225,329553,41819,2
457,9061444,9389283,327839,41833,2
458,9083226,9409372,326146,41850,2
459,9104994,9429452,324458,41837,2
460,9126757,9449493,322736,41799,2
461,9148522,9469577,321055,43865,2
462,9172308,9489606,317298,41763,2
463,9194049,9509687,315638,41820,2
464,9215793,9529745,313952,41816,2
465,9237557,9549842,312285,41886,2
466,9259352,9569912,310560,41823,2
467,9281111,9589978,308867,41822,2
468,9302873,9609986,307113,41745,2
469,9324615,9630007,305392,41775,2
470,9346376,9650013,303637,41759,2
471,9368136,9670039,301903,43801,2
472,9391916,9690172,298256,41887,2
473,9413675,9710268,296593,41841,2
474,9435427,9730263,294836,41753,2
475,9457191,9750307,293116,41820,2
476,9478974,9770393,291419,41830,2
477,9500723,9790507,289784,41871,2
478,9522487,9810538,288051,41795,2
479,9544257,9830539,286282,41745,2
480,9566007,9850572,284565,41782,2
481,9587762,9870563,282801,41740,2
482,9609518,9890596,281078,43873,2
483,9633365,9910617,277252,41775,2
484,9655126,9930671,275545,41801,2
485,9676879,9950729,273850,41801,2
486,9698628,9970778,272150,41808,2
487,9720393,9990814,270421,39772,2
488,9742144,10010896,268752,41832,2
489,9763902,10030888,266986,41736,2
490,9785652,10050939,265287,41792,2
491,9807399,10070994,263595,41778,2
492,9829128,10091027,261899,41786,2
493,9850886,10111086,260200,41809,2
494,9872642,10131174,258532,41805,2
495,9894367,10151297,256930,41843,2
496,9916094,10171403,255309,41851,2
497,9937843,10191427,253584,41758,2
498,9959584,10211537,251953,41851,2
499,9981332,10231540,250208,41731,2
500,10003067,10251536,248469,41786,2
501,10024864,10271601,246737,41810,2
502,10046615,10291675,245060,41822,2
503,10068367,10311760,243393,41823,2
504,10090111,10331811,241700,41774,2
505,10111840,10351893,240053,41826,2
506,10133591,10371908,238317,41758,2
507,10155341,10391945,236604,41780,2
508,10177090,10412014,234924,41790,2
509,10198817,10432986,234169,42382,2
510,10220239,10454884,234645,41669,2
511,10240018,10494225,254207,59070,2
512,10259755,10514331,254576,39846,2
513,10279506,10536293,256787,41688,2
514,10299239,10556209,256970,39641,2
515,10318973,10576047,257074,39566,2
516,10338706,10595786,257080,39467,2
517,10358441,10615625,257184,39567,2
518,10378175,10635509,257334,39610,2
519,10397909,10655404,257495,39635,2
520,10417654,10675159,257505,39444,2
521,10450885,10694370,243485,38959,2
522,10695072,10738835,43763,53304,1
523,10704644,10758741,54097,29947,1
524,10714714,10778584,63870,29575,1
525,10724453,10798364,73911,29607,1
526,10734286,10818064,83778,29441,1
527,10744034,10838100,94066,29910,1
528,10753953,10857947,103994,29590,1
529,10763701,10877677,113976,29536,1
530,10773512,10897427,123915,29535,1
531,10783300,10917026,133726,29322,1
532,10793027,10936757,143730,29469,1
533,10802771,10956560,153789,29556,1
534,10812527,10976193,163666,29582,1
535,10822485,10995717,173232,29309,1
536,10832274,11015086,182812,29172,1
537,10842081,11034460,192379,29206,1
538,10851917,11053893,201976,29186,1
539,10861673,11073397,211724,29286,1
540,10871460,11092862,221402,29194,1
541,10881193,11112292,231099,29203,1
542,10890972,11131636,240664,28998,1
543,10900630,11151047,250417,29180,1
544,10910404,11170508,260104,29152,1
545,10920100,11189884,269784,29117,1
546,10929845,11209320,279475,29187,1
547,10939601,11228685,289084,29167,1
548,10949407,11248140,298733,29148,1
549,10959105,11267587,308482,29217,1
550,10968879,11287096,318217,29190,1
551,10978566,11306441,327875,36297,1
552,10995526,11325892,330366,38803,1
553,11014885,11345318,330433,38837,1
554,11034303,11364761,330458,38825,1
555,11053691,11384120,330429,38857,1
556,11073197,11403495,330298,38817,1
557,11092645,11423009,330364,38912,1
558,11112048,11442497,330449,38898,1
559,11131466,11461906,330440,38787,1
560,11150850,11481262,330412,38799,1
561,11170301,11500687,330386,38806,1
562,11189689,11520080,330391,38802,1
563,11209105,11539590,330485,38889,1
564,11228491,11558948,330457,38798,1
565,11247937,11578327,330390,38818,1
566,11267384,11597783,330399,38862,1
567,11286797,11617176,330379,38838,1
568,11306249,11636684,330435,38884,1
569,11325631,11656078,330447,38865,1
570,11345109,11675548,330439,38908,1
571,11364553,11694924,330371,38757,1
572,11383942,11714294,330352,38738,1
573,11403330,11733822,330492,38943,1
574,11422752,11753161,330409,38828,1
575,11442248,11772691,330443,38920,1
576,11461646,11792049,330403,38768,1
577,11481062,11811548,330486,38878,1
578,11500447,11830852,330405,38745,1
579,11519895,11850261,330366,38832,1
580,11539326,11869692,330366,38797,1
581,11558700,11889012,330312,38732,1
582,11578119,11908537,330418,39016,1
583,11597617,11927949,330332,38824,1
584,11617037,11947361,330324,38843,1
585,11636476,11966745,330269,38820,1
586,11655919,11986217,330298,38859,1
587,11675313,12005706,330393,38855,1
588,11694686,12024974,330288,38684,1
589,11714110,12044505,330395,39037,1
590,11733622,12063972,330350,38833,1
591,11752996,12083501,330505,38992,1
592,11772466,12102977,330511,38886,1
593,11791884,12122413,330529,38846,1
594,11811302,12141870,330568,38806,1
595,11830659,12161282,330623,38799,1
596,11850053,12180698,330645,38824,1
597,11869467,12200271,330804,38988,1
598,11888887,12219886,330999,39044,1
599,11908323,12239455,331132,38980,1
600,11927742,12259083,331341,39044,1
601,11947166,12278572,331406,38894,1
602,11966579,12298108,331529,38945,1
603,11985994,12317518,331524,38868,1
604,12005458,12337150,331692,39046,1
605,12024879,12356582,331703,38809,1
606,12044263,12376158,331895,39044,1
607,12063737,12395555,331818,38894,1
608,12083242,12414978,331736,38873,1
609,12102698,12434405,331707,38915,1
610,12122191,12453838,331647,38888,1
611,12141653,12473240,331587,38806,1
612,12161065,12492674,331609,38868,1
613,12180505,12512149,331644,39036,1
614,12200074,12531553,331479,38962,1
615,12219639,12550847,331208,38915,1
616,12239268,12570297,331029,38957,1
617,12258781,12589675,330894,38970,1
618,12278380,12609174,330794,39013,1
619,12297901,12628533,330632,38846,1
620,12317395,12648087,330692,39074,1
621,12336923,12667454,330531,38856,1
622,12356420,12686970,330550,38996,1
623,12375907,12706293,330386,38754,1
624,12395346,12725709,330363,38829,1
625,12414765,12745178,330413,38959,1
626,12434263,12764751,330488,39018,1
627,12453714,12784126,330412,38746,1
628,12473093,12803540,330447,38770,1
629,12492457,12822854,330397,38793,1
630,12511944,12842371,330427,38924,1
631,12531359,12861837,330478,38785,1
632,12550686,12881147,330461,38689,1
633,12570073,12900662,330589,38899,1
634,12589463,12920095,330632,38924,1
635,12608961,12939465,330504,38787,1
636,12628385,12958899,330514,38869,1
637,12647828,12978321,330493,38837,1
638,12667249,12997763,330514,38874,1
639,12686687,13017125,330438,38782,1
640,12706115,13036563,330448,38847,1
641,12725530,13055958,330428,38849,1
642,12744991,13075426,330435,38983,1
643,12764513,13094840,330327,38811,1
644,12783916,13114304,330388,38828,1
645,12803288,13133668,330380,38803,1
646,12822733,13153061,330328,38785,1
647,12842132,13172500,330368,38876,1
648,12861577,13191928,330351,38837,1
649,12880994,13211336,330342,38845,1
650,12900439,13230792,330353,38862,1
651,12919852,13250178,330326,38800,1
652,12939273,13269624,330351,39033,1
653,12958865,13289183,330318,38841,1
654,12978153,13308567,330414,38759,1
655,12997535,13327950,330415,38776,1
656,13016936,13347361,330425,38816,1
657,13036348,13366809,330461,38882,1
658,13055790,13386143,330353,38705,1
659,13075168,13405572,330404,38837,1
660,13094584,13425079,330495,38965,1
661,13114050,13444587,330537,38962,1
662,13133512,13464019,330507,38823,1
663,13152911,13483460,330549,38858,1
664,13172335,13502923,330588,38843,1
665,13191723,13522301,330578,38782,1
666,13211148,13541738,330590,38815,1
667,13230533,13561135,330602,38804,1
668,13249947,13580579,330632,38943,1
669,13269454,13600003,330549,38889,1
670,13288926,13619349,330423,38728,1
671,13308313,13638924,330611,39011,1
672,13327766,13658272,330506,38709,1
673,13347148,13677669,330521,38814,1
674,13366571,13697051,330480,38788,1
675,13385985,13716414,330429,38768,1
676,13405398,13735730,330332,38834,1
677,13424922,13755304,330382,39027,1
678,13444379,13774686,330307,38861,1
679,13463866,13794201,330335,38896,1
680,13483254,13813562,330308,38769,1
681,13502681,13833016,330335,38914,1
682,13522147,13852289,330142,38650,1
683,13541530,13871711,330181,38808,1
684,13560921,13891082,330161,38781,1
685,13580338,13910456,330118,38839,1
686,13599809,13929882,330073,38869,1
687,13619258,13949362,330104,38861,1
688,13638646,13968722,330076,38769,1
689,13658063,13988181,330118,38827,1
690,13677437,14007485,330048,38716,1
691,13696855,14026886,330031,38812,1
692,13716272,14046266,329994,38735,1
693,13735633,14065739,330106,38881,1
694,13755048,14085171,330123,38843,1
695,13774465,14104647,330182,38941,1
696,13793937,14124000,330063,38755,1
697,13813346,14143432,330086,38838,1
698,13832760,14162916,330156,38857,1
699,13852141,14182357,330216,38813,1
700,13871521,14201763,330242,38797,1
701,13890920,14221163,330243,38779,1
702,13910307,14240614,330307,38835,1
703,13929699,14260044,330345,38869,1
704,13949146,14279457,330311,38789,1
705,13968529,14298952,330423,38926,1
706,13987966,14318346,330380,38760,1
707,14007340,14337742,330402,38744,1
708,14026696,14357180,330484,38852,1
709,14046117,14376635,330518,38889,1
710,14065559,14395929,330370,38707,1
711,14084980,14415323,330343,38862,1
712,14104454,14434754,330300,38777,1
713,14123808,14454165,330357,38823,1
714,14143226,14473606,330380,38902,1
715,14162693,14492928,330235,38763,1
716,14182142,14512428,330286,38905,1
717,14201554,14531907,330353,38877,1
718,14220959,14551319,330360,38851,1
719,14240405,14570698,330293,38810,1
720,14259843,14590005,330162,38748,1
721,14279290,14609456,330166,38831,1
722,14298675,14628834,330159,38789,1
723,14318094,14648333,330239,38938,1
724,14337541,14667844,330303,38953,1
725,14356991,14687241,330250,38772,1
726,14376372,14706694,330322,38798,1
727,14395725,14726106,330381,38811,1
728,14415130,14745468,330338,38774,1
729,14434549,14764820,330271,38748,1
730,14453952,14784359,330407,38975,1
731,14473395,14803744,330349,38767,1
732,14492785,14823186,330401,38875,1
733,14512226,14842648,330422,38898,1
734,14531670,14861997,330327,38777,1
735,14551106,14881455,330349,38839,1
736,14570493,14900829,330336,38750,1
737,14589876,14920176,330300,38751,1
738,14609286,14939618,330332,38871,1
739,14628723,14958620,329897,38402,1
740,14648130,14977900,329770,38770,1
741,14667627,14997147,329520,38667,1
742,14687053,15016377,329324,38655,1
743,14706486,15035679,329193,38685,1
744,14725877,15054919,329042,38597,1
745,14745241,15074193,328952,38657,1
746,14764632,15093393,328761,38654,1
747,14784092,15112568,328476,38612,1
748,14803536,15131685,328149,38472,1
749,14822914,15150776,327862,38589,1
750,14842420,15169859,327439,38437,1
751,14861781,15188943,327162,38490,1
752,14881194,15207885,326691,38354,1
753,14900614,15226727,326113,38188,1
