it,start,end,latency,execution,sol
1,0,48662,48662,62890,1
2,14274,68589,54315,29850,1
3,24205,88884,64679,30154,1
4,34089,108784,74695,29776,1
5,43971,128672,84701,29640,1
6,53728,148718,94990,29850,1
7,63537,168601,105064,29864,1
8,73525,188534,115009,29723,1
9,83319,208498,125179,29735,1
10,93094,228376,135282,29631,1
11,102852,248302,145450,29698,1
12,112628,268278,155650,29731,1
13,122391,288037,165646,29529,1
14,132167,307765,175598,29482,1
15,141926,327418,185492,29396,1
16,151673,347169,195496,29549,1
17,161476,366772,205296,29324,1
18,171202,386361,215159,29388,1
19,181006,405834,224828,29197,1
20,190735,425405,234670,29340,1
21,200509,444957,244448,29279,1
22,210239,464444,254205,29255,1
23,220012,483947,263935,29223,1
24,229738,503620,273882,29381,1
25,239452,523446,283994,29578,1
26,249210,543027,293817,29288,1
27,258922,562586,303664,29314,1
28,268682,582289,313607,29393,1
29,278377,602072,323695,29545,1
30,288144,621801,333657,39178,1
31,307601,641401,333800,39276,1
32,327282,661004,333722,39218,1
33,346903,680907,334004,39637,1
34,366645,700668,334023,39274,1
35,386164,720545,334381,39438,1
36,405731,740383,334652,39295,1
37,425196,760351,335155,39399,1
38,444635,780049,335414,39346,1
39,464289,799739,335450,39222,1
40,483828,819481,335653,39368,1
41,503461,839064,335603,39298,1
42,523184,858958,335774,39561,1
43,542859,878593,335734,39208,1
44,562438,898200,335762,39271,1
45,582110,917703,335593,39268,1
46,601889,937337,335448,39347,1
47,621609,956921,335312,39259,1
48,641288,976531,335243,39185,1
49,660870,996081,335211,39419,1
50,680745,1015741,334996,39414,1
51,700507,1035205,334698,39288,1
52,720337,1054725,334388,39374,1
53,740199,1074399,334200,39612,1
54,760145,1093910,333765,39294,1
55,779935,1113537,333602,39258,1
56,799574,1133042,333468,39197,1
57,819271,1152737,333466,39370,1
58,838952,1172408,333456,39409,1
59,858697,1192024,333327,39246,1
60,878333,1211994,333661,39620,1
61,897991,1231615,333624,39114,1
62,917491,1251287,333796,39318,1
63,937143,1270905,333762,39176,1
64,956709,1290790,334081,39596,1
65,976428,1310715,334287,39426,1
66,995935,1330521,334586,39434,1
67,1015570,1350378,334808,39336,1
68,1035056,1370169,335113,39361,1
69,1054634,1389822,335188,39234,1
70,1074223,1409402,335179,39090,1
71,1093739,1429003,335264,39164,1
72,1113310,1448620,335310,39213,1
73,1132914,1468238,335324,39297,1
74,1152601,1487856,335255,39244,1
75,1172235,1507370,335135,39193,1
76,1191922,1527145,335223,39595,1
77,1211751,1546719,334968,39295,1
78,1231479,1566330,334851,39225,1
79,1251099,1586130,335031,39397,1
80,1270702,1605614,334912,39352,1
81,1290576,1625284,334708,39612,1
82,1310522,1644897,334375,39478,1
83,1330391,1664366,333975,39223,1
84,1350153,1683868,333715,39309,1
85,1369966,1703361,333395,39077,1
86,1389558,1722953,333395,39273,1
87,1409245,1742556,333311,39246,1
88,1428895,1762116,333221,39099,1
89,1448439,1781719,333280,39252,1
90,1468094,1801498,333404,39326,1
91,1487645,1821405,333760,39519,1
92,1507264,1841222,333958,39521,1
93,1526975,1860925,333950,39284,1
94,1546562,1880872,334310,39596,1
95,1566217,1900789,334572,39608,1
96,1585916,1920563,334647,39368,1
97,1605517,1940486,334969,39518,1
98,1625119,1960428,335309,39517,1
99,1644701,1979999,335298,39012,1
100,1664147,1999568,335421,39127,1
101,1683713,2019200,335487,39155,1
102,1703244,2038860,335616,39209,1
103,1722801,2058475,335674,39197,1
104,1742390,2078229,335839,39386,1
105,1762029,2097766,335737,39039,1
106,1781539,2117224,335685,39155,1
107,1801245,2136859,335614,39605,1
108,1821221,2156392,335171,39329,1
109,1841022,2175935,334913,39234,1
110,1860719,2195598,334879,39564,1
111,1880627,2215238,334611,39593,1
112,1900585,2234646,334061,39186,1
113,1920368,2254161,333793,39437,1
114,1940296,2273680,333384,39462,1
115,1960247,2293391,333144,39331,1
116,1979875,2312957,333082,39116,1
117,1999431,2332511,333080,39101,1
118,2018983,2352143,333160,39295,1
119,2038651,2371858,333207,39351,1
120,2058291,2391299,333008,39180,1
121,2078036,2410918,332882,39116,1
122,2097539,2430615,333076,39219,1
123,2117068,2450142,333074,39098,1
124,2136647,2469869,333222,39269,1
125,2156195,2489796,333601,39512,1
126,2175785,2509551,333766,39372,1
127,2195409,2529388,333979,39397,1
128,2214976,2549193,334217,39373,1
129,2234551,2569058,334507,39291,1
130,2253985,2588665,334680,39225,1
131,2273610,2608341,334731,39238,1
132,2293179,2627755,334576,39024,1
133,2312795,2647385,334590,39189,1
134,2332361,2666998,334637,39270,1
135,2352025,2686544,334519,39100,1
136,2371587,2706198,334611,39248,1
137,2391189,2725653,334464,38993,1
138,2410734,2745254,334520,39218,1
139,2430358,2764845,334487,39260,1
140,2450033,2784706,334673,39511,1
141,2469691,2804449,334758,39625,1
142,2489579,2824175,334596,39548,1
143,2509407,2843958,334551,39618,1
144,2529250,2863532,334282,39335,1
145,2549018,2883164,334146,39416,1
146,2568810,2902786,333976,39324,1
147,2588519,2922389,333870,39253,1
148,2608176,2942154,333978,39226,1
149,2627644,2961642,333998,39121,1
150,2647285,2981253,333968,39120,1
151,2666799,3000894,334095,39297,1
152,2686462,3021138,334676,39846,1
153,2706071,3040829,334758,39107,1
154,2725493,3060483,334990,39245,1
155,2745091,3080384,335293,39456,1
156,2764653,3100390,335737,39877,1
157,2784532,3120283,335751,39645,1
158,2804326,3140108,335782,39522,1
159,2824031,3159890,335859,39570,1
160,2843826,3179415,335589,39169,1
161,2863478,3199034,335556,39140,1
162,2883005,3218644,335639,39271,1
163,2902673,3238094,335421,38930,1
164,2922158,3257699,335541,39368,1
165,2941926,3277254,335328,39107,1
166,2961486,3296800,335314,39141,1
167,2981086,3316474,335388,39292,1
168,3000712,3336009,335297,39770,1
169,3020953,3355701,334748,39409,1
170,3040678,3375231,334553,39137,1
171,3060293,3394915,334622,39612,1
172,3080228,3414474,334246,39466,1
173,3100143,3434105,333962,39583,1
174,3120100,3453658,333558,39341,1
175,3139895,3473334,333439,39415,1
176,3159641,3492765,333124,39094,1
177,3179310,3512426,333116,39116,1
178,3198770,3531957,333187,39189,1
179,3218435,3551508,333073,39008,1
180,3237899,3571192,333293,39276,1
181,3257496,3590734,333238,39110,1
182,3277071,3610401,333330,39190,1
183,3296602,3630213,333611,39518,1
184,3316316,3649834,333518,39189,1
185,3335891,3669405,333514,39249,1
186,3355576,3689136,333560,39233,1
187,3375083,3709094,334011,39524,1
188,3394657,3728919,334262,39461,1
189,3414301,3748886,334585,39547,1
190,3433888,3768829,334941,39530,1
191,3453481,3788340,334859,39165,1
192,3473143,3807958,334815,39074,1
193,3492605,3827520,334915,39125,1
194,3512176,3847034,334858,39146,1
195,3531814,3866551,334737,38985,1
196,3551289,3886123,334834,39265,1
197,3570989,3905716,334727,39201,1
198,3590602,3925319,334717,39201,1
199,3610205,3944915,334710,39421,1
200,3630037,3964576,334539,39308,1
201,3649692,3984064,334372,39041,1
202,3669253,4003727,334474,39373,1
203,3688968,4023252,334284,39445,1
204,3708894,4042818,333924,39435,1
205,3728768,4062535,333767,39643,1
206,3748700,4082191,333491,39537,1
207,3768589,4101693,333104,39062,1
208,3788157,4121341,333184,39178,1
209,3807693,4140969,333276,39304,1
210,3827376,4160611,333235,39153,1
211,3846895,4180184,333289,39103,1
212,3866433,4199754,333321,39075,1
213,3885944,4219838,333894,39686,1
214,3905553,4239572,334019,39285,1
215,3925110,4259189,334079,39243,1
216,3944741,4278979,334238,39467,1
217,3964426,4298686,334260,39180,1
218,3983906,4318516,334610,39521,1
219,4003605,4338261,334656,39284,1
220,4023150,4358181,335031,39409,1
221,4042647,4377887,335240,39344,1
222,4062292,4397573,335281,39365,1
223,4081977,4417254,335277,39216,1
224,4101520,4436766,335246,39120,1
225,4121135,4456509,335374,39413,1
226,4140810,4476112,335302,39165,1
227,4160378,4495775,335397,39200,1
228,4179923,4515263,335340,39158,1
229,4199598,4534830,335232,39628,1
230,4219667,4554395,334728,39304,1
231,4239412,4573937,334525,39148,1
232,4259024,4593603,334579,39410,1
233,4278775,4613448,334673,39579,1
234,4298516,4633030,334514,39366,1
235,4318304,4652653,334349,39364,1
236,4338050,4672301,334251,39602,1
237,4358010,4691973,333963,39426,1
238,4377771,4711676,333905,39347,1
239,4397419,4731247,333828,39207,1
240,4417062,4751074,334012,39379,1
241,4436622,4770717,334095,39369,1
242,4456356,4790098,333742,39020,1
243,4476002,4809933,333931,39452,1
244,4495627,4829527,333900,39040,1
245,4515081,4849077,333996,39077,1
246,4534616,4868653,334037,39133,1
247,4554181,4888497,334316,39428,1
248,4573773,4908239,334466,39433,1
249,4593468,4928011,334543,39527,1
250,4613231,4947740,334509,39318,1
251,4632826,4967597,334771,39499,1
252,4652472,4987275,334803,39303,1
253,4672103,5006701,334598,39109,1
254,4691795,5026249,334454,39186,1
255,4711441,5045922,334481,39355,1
256,4731130,5066007,334877,39826,1
257,4750877,5086161,335284,39821,1
258,4770550,5106056,335506,39309,1
259,4789973,5125757,335784,39421,1
260,4809698,5145511,335813,39438,1
261,4829388,5165317,335929,39337,1
262,4848925,5185256,336331,39491,1
263,4868482,5205057,336575,39666,1
264,4888353,5224833,336480,39510,1
265,4908092,5244620,336528,39490,1
266,4927802,5264512,336710,39637,1
267,4947554,5284174,336620,39480,1
268,4967380,5303793,336413,39310,1
269,4987078,5323620,336542,39291,1
270,5006549,5343283,336734,39232,1
271,5026125,5363078,336953,39351,1
272,5045750,5382340,336590,39330,1
273,5383118,5459903,76785,86343,1
274,5392690,5490068,97378,40276,1
275,5402824,5520259,117435,40472,1
276,5413133,5550590,137457,40174,1
277,5422981,5580617,157636,39801,1
278,5432759,5610636,177877,39878,1
279,5442621,5640644,198023,39922,1
280,5452539,5669152,216613,38386,1
281,5462422,5698522,236100,39231,1
282,5472286,5728444,256158,39778,1
283,5482147,5758441,276294,39858,1
284,5492012,5788444,296432,39862,1
285,5501875,5818215,316340,39632,1
286,5511739,5848019,336280,39664,1
287,5521604,5877759,356155,39598,1
288,5531468,5907372,375904,39473,1
289,5541333,5937012,395679,39497,1
290,5551196,5966436,415240,39278,1
291,5561056,5996039,434983,39411,1
292,5570870,6026081,455211,39912,1
293,5580745,6055797,475052,39435,1
294,5590471,6085502,495031,39527,1
295,5600299,6115203,514904,39554,1
296,5610156,6144886,534730,39534,1
297,5620012,6174571,554559,39435,1
298,5629768,6204143,574375,39429,1
299,5639631,6233854,594223,39470,1
300,5649396,6263387,613991,39303,1
301,5659171,6293086,633915,40926,1
302,5670404,6322702,652298,48746,1
303,5689543,6352114,662571,48574,1
304,5708713,6381662,672949,49516,1
305,5728687,6411288,682601,49332,1
306,5748400,6440777,692377,49618,1
307,5768536,6470523,701987,49650,1
308,5788446,6500033,711587,49210,1
309,5808152,6529533,721381,59235,1
310,5837904,6559056,721152,59209,1
311,5867618,6588794,721176,59379,1
312,5897267,6618385,721118,59246,1
313,5926930,6648173,721243,59300,1
314,5956453,6677689,721236,59041,1
315,5985986,6707586,721600,59762,1
316,6015859,6737310,721451,59446,1
317,6045589,6767106,721517,59497,1
318,6075298,6796805,721507,59584,1
319,6105190,6826213,721023,59157,1
320,6134946,6855663,720717,59067,1
321,6164571,6885415,720844,59336,1
322,6194162,6914815,720653,58886,1
323,6223656,6944486,720830,59266,1
324,6253259,6974208,720949,59365,1
325,6282910,7003737,720827,59083,1
326,6312472,7033313,720841,59096,1
327,6342000,7062981,720981,59294,1
328,6371633,7092743,721110,59219,1
329,6401098,7122281,721183,59296,1
330,6430863,7151981,721118,59252,1
331,6460423,7181427,721004,59097,1
332,6490082,7211232,721150,59184,1
333,6519469,7241007,721538,59350,1
334,6549060,7270617,721557,59234,1
335,6578692,7300624,721932,59527,1
336,6608223,7330516,722293,59585,1
337,6637924,7360179,722255,59431,1
338,6667700,7389715,722015,59293,1
339,6697465,7419144,721679,59241,1
340,6727284,7448757,721473,59371,1
341,6757049,7478359,721310,59199,1
342,6786653,7508134,721481,59282,1
343,6816168,7537730,721562,59151,1
344,6845730,7567428,721698,59191,1
345,6875230,7597063,721833,59200,1
346,6904803,7626641,721838,59171,1
347,6934404,7656343,721939,59273,1
348,6963983,7685767,721784,59155,1
349,6993722,7715354,721632,59108,1
350,7023249,7745069,721820,59137,1
351,7052679,7774491,721812,59213,1
352,7082478,7804088,721610,59308,1
353,7112195,7834149,721954,59718,1
354,7141859,7863794,721935,59128,1
355,7171349,7893576,722227,59181,1
356,7200755,7923270,722515,59766,1
357,7230834,7953116,722282,59479,1
358,7260475,7982801,722326,59532,1
359,7290330,8012301,721971,59519,1
360,7320357,8041606,721249,59073,1
361,7350133,8071145,721012,59114,1
362,7379714,8100840,721126,59118,1
363,7409144,8130358,721214,59054,1
364,7438688,8159718,721030,58869,1
365,7468205,8189291,721086,59197,1
366,7497834,8218815,720981,59196,1
367,7527514,8248363,720849,59271,1
368,7557245,8278023,720778,59469,1
369,7587060,8307642,720582,59106,1
370,7616555,8337361,720806,59262,1
371,7646105,8366849,720744,59375,1
372,7675999,8396491,720492,58880,1
373,7705245,8426630,721385,59787,1
374,7734900,8456312,721412,59357,1
375,7764583,8485993,721410,59012,1
376,7793922,8515762,721840,59861,1
377,7824022,8545531,721509,59482,1
378,7853742,8575250,721508,59611,1
379,7883642,8604760,721118,59110,1
380,7913249,8634348,721099,59313,1
381,7942981,8664077,721096,59414,1
382,7972673,8693495,720822,59036,1
383,8002297,8723211,720914,59229,1
384,8031817,8752665,720848,58795,1
385,8061166,8782281,721115,59115,1
386,8090671,8811764,721093,59045,1
387,8120241,8841280,721039,59124,1
388,8149855,8870979,721124,59024,1
389,8179187,8900586,721399,59077,1
390,8208664,8930185,721521,59356,1
391,8238428,8959765,721337,58927,1
392,8267782,8989377,721595,59404,1
393,8297582,9019034,721452,59211,1
394,8327144,9048828,721684,59435,1
395,8356794,9078449,721655,59226,1
396,8386405,9108246,721841,59811,1
397,8416427,9138118,721691,59662,1
398,8446225,9167937,721712,59503,1
399,8475917,9197550,721633,59281,1
400,8505593,9227087,721494,59442,1
401,8535506,9256772,721266,59242,1
402,8565071,9286389,721318,59245,1
403,8594707,9316059,721352,59173,1
404,8624218,9345653,721435,59175,1
405,8653805,9375119,721314,59163,1
406,8683509,9404911,721402,59185,1
407,8712909,9434353,721444,59270,1
408,8742745,9463975,721230,59045,1
409,8772174,9493641,721467,59364,1
410,8801880,9523025,721145,58890,1
411,8831393,9552729,721336,59065,1
412,8860761,9582269,721508,59291,1
413,8890519,9611669,721150,58930,1
414,8920057,9641974,721917,59859,1
415,8949619,9671507,721888,59233,1
416,8979326,9701391,722065,59330,1
417,9008779,9731126,722347,59583,1
418,9038635,9760803,722168,59301,1
419,9068267,9790520,722253,59601,1
420,9098158,9819967,721809,59155,1
421,9127873,9849408,721535,59412,1
422,9157851,9879083,721232,59181,1
423,9187364,9908604,721240,59092,1
424,9216943,9938217,721274,59299,1
425,9246637,9967738,721101,59123,1
426,9276247,9997359,721112,59287,1
427,9305919,10026852,720933,59024,1
428,9335458,10056514,721056,59268,1
429,9365072,10086041,720969,59107,1
430,9394660,10115444,720784,59179,1
431,9424444,10145087,720643,59048,1
432,9453857,10174789,720932,59363,1
433,9483526,10204418,720892,59213,1
434,9513118,10234426,721308,59453,1
435,9542570,10264195,721625,59342,1
436,9572150,10294124,721974,59428,1
437,9601657,10323744,722087,59692,1
438,9631738,10353545,721807,59454,1
439,9661399,10383042,721643,59355,1
440,9691265,10412633,721368,59323,1
441,9721004,10442106,721102,59111,1
442,9750649,10474123,723474,61728,1
443,9780368,10502388,722020,57820,1
444,9809941,10532443,722502,59524,1
445,9839417,10562367,722950,59367,1
446,9868867,10592188,723321,59536,1
447,9898588,10622044,723456,59345,1
448,9928084,10651940,723856,59445,1
449,9957639,10681769,724130,59447,1
450,9987263,10711421,724158,59092,1
451,10016709,10741195,724486,59227,1
452,10046168,10771063,724895,59614,1
453,10075919,10800826,724907,59177,1
454,10105341,10831078,725737,59870,1
455,10134965,10860842,725877,59343,1
456,10164551,10890530,725979,59323,1
457,10194193,10920373,726180,59924,1
458,10224280,10950086,725806,59421,1
459,10253994,10979543,725549,59514,1
460,10284057,11008862,724805,59007,1
461,10313753,11038252,724499,58984,1
462,10343375,11067660,724285,59133,1
463,10373119,11097139,724020,58844,1
464,10402492,11126571,724079,58958,1
465,10432026,11156072,724046,59547,1
466,10462097,11185333,723236,59256,1
467,11185860,11230422,44562,54062,1
468,11195364,11250436,55072,29984,1
469,11205352,11270372,65020,29791,1
470,11215215,11290415,75200,29867,1
471,11225045,11310235,85190,29776,1
472,11235007,11330059,95052,29694,1
473,11244883,11349986,105103,29685,1
474,11254646,11369915,115269,29761,1
475,11264484,11389807,125323,29702,1
476,11274298,11409669,135371,29618,1
477,11284058,11429391,145333,29494,1
478,11293834,11449057,155223,29389,1
479,11303560,11468981,165421,29668,1
480,11313309,11488780,175471,29525,1
481,11323040,11508302,185262,29301,1
482,11332822,11527967,195145,29435,1
483,11342597,11547646,205049,29463,1
484,11352386,11567165,214779,29270,1
485,11362141,11586948,224807,29529,1
486,11371891,11606527,234636,29227,1
487,11381544,11626053,244509,29229,1
488,11391250,11645748,254498,29364,1
489,11400922,11665531,264609,29496,1
490,11410641,11685220,274579,29334,1
491,11420291,11704832,284541,29332,1
492,11430017,11724605,294588,29395,1
493,11439643,11744180,304537,29332,1
494,11449405,11763862,314457,29276,1
495,11459005,11783467,324462,29410,1
496,11468830,11803363,334533,39649,1
497,11488590,11823290,334700,39520,1
498,11508192,11842976,334784,39254,1
499,11527766,11862683,334917,39369,1
500,11547434,11882537,335103,39421,1
501,11567006,11902329,335323,39463,1
502,11586684,11922161,335477,39498,1
503,11606358,11942129,335771,39516,1
504,11625912,11961950,336038,39442,1
505,11645540,11981503,335963,39411,1
506,11665406,12001076,335670,39254,1
507,11685093,12020593,335500,39130,1
508,11704712,12040174,335462,39286,1
509,11724424,12059791,335367,39193,1
510,11744006,12079328,335322,39080,1
511,11763557,12098927,335370,39405,1
512,11783371,12118542,335171,39463,1
513,11803232,12137911,334679,39262,1
514,11823132,12157543,334411,39337,1
515,11842845,12177158,334313,39277,1
516,11862514,12196805,334291,39410,1
517,11882283,12216355,334072,39406,1
518,11902146,12236018,333872,39548,1
519,11922039,12255503,333464,39347,1
520,11941907,12275035,333128,39385,1
521,11961765,12294506,332741,39035,1
522,11981336,12314106,332770,39124,1
523,12000868,12333557,332689,38965,1
524,12020390,12353234,332844,39317,1
525,12040036,12372841,332805,39190,1
526,12059625,12392420,332795,39152,1
527,12079203,12412443,333240,39636,1
528,12098824,12432287,333463,39318,1
529,12118306,12451939,333633,39140,1
530,12137801,12471446,333645,39109,1
531,12157410,12491317,333907,39447,1
532,12176994,12511019,334025,39338,1
533,12196634,12530851,334217,39327,1
534,12216134,12550707,334573,39487,1
535,12235773,12570495,334722,39290,1
536,12255282,12590052,334770,39132,1
537,12274865,12609594,334729,39009,1
538,12294338,12629251,334913,39244,1
539,12313931,12648858,334927,39069,1
540,12333399,12668522,335123,39258,1
541,12353000,12688026,335026,39131,1
542,12372632,12707736,335104,39317,1
543,12392245,12727321,335076,39652,1
544,12412320,12746681,334361,39073,1
545,12432040,12766377,334337,39372,1
546,12451721,12786061,334340,39149,1
547,12471194,12805590,334396,39474,1
548,12491147,12825148,334001,39255,1
549,12510850,12844745,333895,39408,1
550,12530669,12864366,333697,39435,1
551,12550489,12884073,333584,39490,1
552,12570279,12903637,333358,39107,1
553,12589828,12923320,333492,39290,1
554,12609443,12942902,333459,39227,1
555,12629096,12962633,333537,39283,1
556,12648656,12982144,333488,39186,1
557,12668338,13001545,333207,38886,1
558,12687831,13021443,333612,39614,1
559,12707556,13041285,333729,39381,1
560,12727103,13060935,333832,39093,1
561,12746554,13080882,334328,39647,1
562,12766260,13100627,334367,39324,1
563,12785846,13120415,334569,39312,1
564,12805378,13140379,335001,39575,1
565,12824996,13160270,335274,39469,1
566,12844581,13179673,335092,39067,1
567,12864252,13199223,334971,39187,1
568,12883897,13218868,334971,39223,1
569,12903482,13238588,335106,39387,1
570,12923155,13258129,334974,39128,1
571,12942750,13277676,334926,39203,1
572,12962410,13297238,334828,39086,1
573,12981941,13316890,334949,39057,1
574,13001355,13336481,335126,39562,1
575,13021333,13356015,334682,39237,1
576,13041043,13375615,334572,39293,1
577,13060742,13395311,334569,39624,1
578,13080676,13415004,334328,39445,1
579,13100433,13434436,334003,39195,1
580,13120202,13453914,333712,39421,1
581,13140151,13473579,333428,39530,1
582,13160022,13493255,333233,39172,1
583,13179524,13512740,333216,39043,1
584,13199088,13532277,333189,39126,1
585,13218684,13551908,333224,39283,1
586,13238343,13571544,333201,39226,1
587,13257939,13591231,333292,39218,1
588,13277476,13610973,333497,39362,1
589,13297102,13630771,333669,39379,1
590,13316689,13650442,333753,39253,1
591,13336279,13669868,333589,39004,1
592,13355865,13689747,333882,39493,1
593,13375485,13709551,334066,39405,1
594,13395094,13729388,334294,39546,1
595,13414810,13749382,334572,39414,1
596,13434238,13769141,334903,39284,1
597,13453771,13788714,334943,39218,1
598,13473424,13808147,334723,38997,1
599,13492995,13827706,334711,39088,1
600,13512530,13847255,334725,39095,1
601,13532082,13866809,334727,39158,1
602,13551692,13886329,334637,39211,1
603,13571391,13906034,334643,39357,1
604,13591051,13925553,334502,39276,1
605,13610815,13945137,334322,39301,1
606,13630538,13964701,334163,39242,1
607,13650223,13984368,334145,39220,1
608,13669782,14004097,334315,39511,1
609,13689570,14023499,333929,39168,1
610,13709342,14043047,333705,39498,1
611,13729298,14062547,333249,39410,1
612,13749215,14082227,333012,39425,1
613,13768966,14101659,332693,38962,1
614,13788514,14121229,332715,39039,1
615,13807991,14140891,332900,39173,1
616,13827527,14160574,333047,39211,1
617,13847062,14180089,333027,38995,1
618,13866549,14199591,333042,39119,1
619,13886171,14219912,333741,39979,1
620,13905837,14239717,333880,39348,1
621,13925387,14259353,333966,39110,1
622,13944868,14279301,334433,39617,1
623,13964545,14299226,334681,39596,1
624,13984222,14318978,334756,39404,1
625,14003880,14339015,335135,39551,1
626,14023399,14358806,335407,39192,1
627,14042808,14378366,335558,39122,1
628,14062374,14397926,335552,39200,1
629,14082019,14417622,335603,39213,1
630,14101541,14437176,335635,39114,1
631,14121107,14456765,335658,39242,1
632,14140765,14476328,335563,39152,1
633,14160362,14495981,335619,39208,1
634,14179924,14515627,335703,39229,1
635,14199514,14535055,335541,39638,1
636,14219732,14554569,334837,39276,1
637,14239502,14574246,334744,39380,1
638,14259211,14593894,334683,39563,1
639,14279134,14613475,334341,39417,1
640,14298978,14632953,333975,39340,1
641,14318846,14652526,333680,39502,1
642,14338781,14672103,333322,39433,1
643,14358643,14691670,333027,39101,1
644,14378184,14711144,332960,39007,1
645,14397725,14730799,333074,39335,1
646,14417411,14750384,332973,39152,1
647,14436984,14770047,333063,39236,1
648,14456561,14789662,333101,39209,1
649,14476163,14809380,333217,39393,1
650,14495858,14828942,333084,39185,1
651,14515489,14848490,333001,38964,1
652,14534912,14868116,333204,39177,1
653,14554471,14887940,333469,39491,1
654,14574146,14907960,333814,39554,1
655,14593687,14927731,334044,39374,1
656,14613298,14947599,334301,39410,1
657,14632847,14967456,334609,39334,1
658,14652331,14986898,334567,39055,1
659,14671950,15006422,334472,39076,1
660,14691508,15026007,334499,39060,1
661,14710989,15045590,334601,39203,1
662,14730617,15065108,334491,39111,1
663,14750218,15084659,334441,39231,1
664,14769906,15104290,334384,39223,1
665,14789506,15123951,334445,39325,1
666,14809178,15143323,334145,38966,1
667,14828779,15162980,334201,39188,1
668,14848316,15182501,334185,39155,1
669,14867958,15202159,334201,39566,1
670,14887874,15221744,333870,39381,1
671,14907675,15241316,333641,39464,1
672,14927575,15260628,333053,39135,1
673,14947406,15280320,332914,39579,1
674,14967301,15299977,332676,39069,1
675,14986720,15319622,332902,39125,1
676,15006208,15339210,333002,39159,1
677,15025786,15358769,332983,39135,1
678,15045370,15378242,332872,39044,1
679,15064947,15397853,332906,39198,1
680,15084541,15418097,333556,39795,1
681,15104098,15437829,333731,39340,1
682,15123713,15457527,333814,39167,1
683,15143188,15477268,334080,39261,1
684,15162715,15497163,334448,39496,1
685,15182322,15516906,334584,39412,1
686,15201999,15536847,334848,39460,1
687,15221524,15556818,335294,39611,1
688,15241170,15576385,335215,38939,1
689,15260550,15596137,335587,39394,1
690,15280199,15615543,335344,38958,1
691,15299756,15635309,335553,39506,1
692,15319503,15654964,335461,39177,1
693,15339031,15674425,335394,39014,1
694,15358592,15694266,335674,39314,1
695,15378072,15713855,335783,39180,1
696,15397671,15733559,335888,39877,1
697,15417852,15753296,335444,39515,1
698,15437638,15772979,335341,39352,1
699,15457315,15792685,335370,39514,1
700,15477127,15812255,335128,39404,1
701,15496966,15831757,334791,39230,1
702,15516698,15851277,334579,39450,1
703,15536635,15870932,334297,39622,1
704,15556610,15890615,334005,39255,1
705,15576189,15910270,334081,39408,1
706,15595948,15929992,334044,39205,1
707,15615437,15949654,334217,39355,1
708,15635136,15969181,334045,39087,1
709,15654704,15988933,334229,39324,1
710,15674281,16008672,334391,39502,1
711,15694049,16028394,334345,39358,1
712,15713693,16047994,334301,39281,1
713,15733380,16067678,334298,39377,1
714,15753081,16087394,334313,39446,1
715,15772819,16107309,334490,39579,1
716,15792489,16127075,334586,39325,1
717,15812053,16147054,335001,39506,1
718,15831587,16166864,335277,39400,1
719,15851184,16186280,335096,38984,1
720,15870760,16206024,335264,39442,1
721,15890465,16225621,335156,39227,1
722,15910103,16245309,335206,39404,1
723,15929827,16264743,334916,39093,1
724,15949491,16284386,334895,39219,1
725,15969074,16303860,334786,39154,1
726,15988761,16323307,334546,39196,1
727,16008516,16342912,334396,39337,1
728,16028256,16362591,334335,39220,1
729,16047803,16382261,334458,39331,1
730,16067470,16401923,334453,39442,1
731,16087258,16421518,334260,39453,1
732,16107124,16441169,334045,39407,1
733,16126887,16460755,333868,39514,1
734,16146823,16480403,333580,39507,1
735,16166688,16499918,333230,38996,1
736,16186174,16519466,333292,39193,1
737,16205826,16539007,333181,39178,1
738,16225469,16558684,333215,39318,1
739,16245118,16578236,333118,39093,1
740,16264666,16597925,333259,39189,1
741,16284172,16617639,333467,39222,1
742,16303688,16637440,333752,39221,1
743,16323115,16657024,333909,39244,1
744,16342783,16676677,333894,39286,1
745,16362423,16696517,334094,39524,1
746,16382115,16716459,334344,39573,1
747,16401753,16736233,334480,39372,1
748,16421357,16756082,334725,39546,1
749,16441062,16775938,334876,39423,1
750,16460637,16795378,334741,39002,1
751,16480205,16814986,334781,39022,1
752,16499625,16834559,334934,39286,1
753,16519346,16854190,334844,39114,1
754,16538835,16873679,334844,39069,1
755,16558423,16893406,334983,39409,1
756,16578112,16913087,334975,39251,1
757,16597688,16932567,334879,39233,1
758,16617449,16952043,334594,39248,1
759,16637229,16971636,334407,39313,1
760,16656956,16991209,334253,39129,1
761,16676519,17010765,334246,39290,1
762,16696258,17030294,334036,39467,1
763,16716204,17049991,333787,39479,1
764,16735992,17069488,333496,39412,1
765,16755915,17089211,333296,39469,1
766,16775679,17108853,333174,39181,1
767,16795226,17128481,333255,39175,1
768,16814791,17148101,333310,39256,1
769,16834435,17167695,333260,39163,1
770,16854009,17187253,333244,39068,1
771,16873527,17207043,333516,39469,1
772,16893214,17227028,333814,39638,1
773,16912875,17246754,333879,39280,1
774,16932435,17266348,333913,39078,1
775,16951924,17286143,334219,39382,1
776,16971519,17306084,334565,39415,1
777,16990998,17325901,334903,39371,1
778,17010559,17345685,335126,39350,1
779,17030133,17365585,335452,39571,1
780,17049812,17385207,335395,39170,1
781,17069368,17404844,335476,39343,1
782,17089082,17424515,335433,39337,1
783,17108756,17444019,335263,39131,1
784,17128390,17463527,335137,39064,1
785,17147954,17483268,335314,39267,1
786,17167488,17502807,335319,39036,1
787,17186993,17522314,335321,39232,1
788,17206727,17541831,335104,39696,1
789,17226912,17561588,334676,39398,1
790,17246559,17581516,334957,39535,1
791,17266172,17601200,335028,39488,1
792,17285984,17620863,334879,39503,1
793,17305831,17640382,334551,39327,1
794,17325647,17659893,334246,39377,1
795,17345518,17679685,334167,39606,1
796,17365339,17699362,334023,39310,1
797,17384977,17719084,334107,39473,1
798,17404736,17738876,334140,39379,1
799,17424331,17758739,334408,39424,1
800,17443900,17778205,334305,38909,1
801,17463349,17797880,334531,39324,1
802,17483004,17817439,334435,39106,1
803,17502558,17837407,334849,39574,1
804,17522170,17857104,334934,39244,1
805,17541723,17876913,335190,39542,1
806,17561479,17896696,335217,39653,1
807,17581357,17916499,335142,39525,1
808,17601087,17936432,335345,39586,1
809,17620748,17956191,335443,39188,1
810,17640185,17975975,335790,39358,1
811,17659764,17995657,335893,39428,1
812,17679515,18015223,335708,39285,1
813,17699242,18034654,335412,39061,1
814,17718880,18054259,335379,39458,1
815,17738739,18073901,335162,39399,1
816,17758503,18093586,335083,39231,1
817,17778056,18113118,335062,39186,1
818,17797718,18132612,334894,39151,1
819,17817383,18152259,334876,39441,1
820,17837185,18171722,334537,39267,1
821,17856995,18191311,334316,39289,1
822,17876701,18210740,334039,39236,1
823,17896514,18230303,333789,39279,1
824,17916237,18249828,333591,39459,1
825,17936178,18269473,333295,39512,1
826,17956051,18288949,332898,39217,1
827,17975799,18308513,332714,39231,1
828,17995473,18328033,332560,39044,1
829,18015001,18347571,332570,39010,1
830,18034480,18367043,332563,39084,1
831,18054100,18386584,332484,39144,1
832,18073708,18406120,332412,39214,1
833,18093391,18426229,332838,39679,1
834,18112967,18445931,332964,39182,1
835,18132453,18465588,333135,39286,1
836,18152089,18485355,333266,39247,1
837,18171576,18505114,333538,39315,1
838,18191140,18524896,333756,39246,1
839,18210610,18544683,334073,39322,1
840,18230152,18564461,334309,39249,1
841,18249630,18584070,334440,39314,1
842,18269342,18603719,334377,39120,1
843,18288818,18623145,334327,38903,1
844,18308303,18642737,334434,39144,1
845,18327861,18662334,334473,39186,1
846,18347457,18682066,334609,39171,1
847,18366902,18701653,334751,39049,1
848,18386371,18721233,334862,39112,1
849,18405910,18740775,334865,39712,1
850,18426088,18760425,334337,39300,1
851,18445743,18779993,334250,39254,1
852,18465434,18799683,334249,39493,1
853,18485243,18819360,334117,39423,1
854,18504996,18839050,334054,39415,1
855,18524729,18858591,333862,39274,1
856,18544468,18878084,333616,39274,1
857,18564254,18897643,333389,39200,1
858,18583902,18917156,333254,39093,1
859,18603488,18936752,333264,39111,1
860,18623011,18956339,333328,39098,1
861,18642528,18976034,333506,39341,1
862,18662181,18995391,333210,38972,1
863,18681802,19014972,333170,39227,1
864,18701455,19034699,333244,39239,1
865,18720973,19054381,333408,39373,1
866,18740670,19074031,333361,39237,1
867,18760263,19093948,333685,39536,1
868,18779888,19113895,334007,39620,1
869,18799567,19133739,334172,39506,1
870,18819234,19153694,334460,39553,1
871,18838839,19173367,334528,39254,1
872,18858426,19192923,334497,39107,1
873,18877985,19212545,334560,39061,1
874,18897431,19232031,334600,39046,1
875,18916999,19251516,334517,39032,1
876,18936552,19271098,334546,39197,1
877,18956173,19290576,334403,39089,1
878,18975794,19310225,334431,39107,1
879,18995257,19329624,334367,38969,1
880,19014835,19349187,334352,39262,1
881,19034541,19368709,334168,39191,1
882,19054216,19388295,334079,39247,1
883,19073885,19407942,334057,39561,1
884,19093806,19427469,333663,39450,1
885,19113733,19446989,333256,39329,1
886,19133549,19466689,333140,39620,1
887,19153475,19486255,332780,39348,1
888,19173262,19505679,332417,38856,1
889,19192700,19525131,332431,39148,1
890,19212402,19544794,332392,39118,1
891,19231864,19564303,332439,38988,1
892,19251349,19584037,332688,39388,1
893,19271010,19603704,332694,39054,1
894,19290403,19623872,333469,39830,1
895,19310073,19643526,333453,39018,1
896,19329445,19663304,333859,39347,1
897,19349022,19683101,334079,39214,1
898,19368446,19702869,334423,39401,1
899,19388087,19722762,334675,39481,1
900,19407683,19742647,334964,39453,1
901,19427257,19762373,335116,39322,1
902,19446860,19781930,335070,39174,1
903,19466482,19801547,335065,39160,1
904,19486032,19821052,335020,38961,1
905,19505494,19840659,335165,39115,1
906,19525008,19860137,335129,39046,1
907,19544583,19879895,335312,39341,1
908,19564172,19899415,335243,39131,1
909,19583792,19918856,335064,39187,1
910,19603544,19938463,334919,39738,1
911,19623681,19957952,334271,39137,1
912,19643337,19977458,334121,39271,1
913,19663109,19997042,333933,39374,1
914,19682906,20016779,333873,39495,1
915,19702672,20036315,333643,39452,1
916,19722595,20055867,333272,39374,1
917,19742424,20075380,332956,39284,1
918,19762210,20095018,332808,39191,1
919,19781770,20114548,332778,39136,1
920,19801393,20134118,332725,39074,1
921,19820903,20153776,332873,39149,1
922,19840402,20173481,333079,39270,1
923,19859975,20193049,333074,39195,1
924,19879610,20212760,333150,39327,1
925,19899232,20232536,333304,39237,1
926,19918700,20252175,333475,39188,1
927,19938255,20271659,333404,38936,1
928,19957714,20291378,333664,39262,1
929,19977263,20311002,333739,39344,1
930,19996990,20330706,333716,39228,1
931,20016522,20350314,333792,39238,1
932,20036160,20369961,333801,39137,1
933,20055656,20389512,333856,39010,1
934,20075123,20409107,333984,39316,1
935,20094852,20428697,333845,39135,1
936,20114405,20448330,333925,39223,1
937,20134001,20468046,334045,39304,1
938,20153593,20487908,334315,39548,1
939,20173284,20507744,334460,39433,1
940,20192888,20527458,334570,39381,1
941,20212563,20546979,334416,39248,1
942,20232298,20566751,334453,39478,1
943,20252010,20586346,334336,39131,1
944,20271553,20606072,334519,39436,1
945,20291269,20625844,334575,39366,1
946,20310867,20645530,334663,39331,1
947,20330518,20665319,334801,39400,1
948,20350134,20684868,334734,39198,1
949,20369789,20704400,334611,39080,1
950,20389343,20724029,334686,39215,1
951,20408934,20743610,334676,39173,1
952,20428532,20763240,334708,39271,1
953,20448180,20782846,334666,39225,1
954,20467806,20802452,334646,39527,1
955,20487734,20822079,334345,39467,1
956,20507581,20841853,334272,39478,1
957,20527294,20861436,334142,39069,1
958,20546788,20881084,334296,39358,1
959,20566505,20900849,334344,39429,1
960,20586175,20920541,334366,39420,1
961,20605910,20940424,334514,39636,1
962,20625669,20960028,334359,39298,1
963,20645369,20979537,334168,39241,1
964,20665108,20998984,333876,39038,1
965,20684707,21018679,333972,39214,1
966,20704233,21038252,334019,39167,1
967,20723834,21057684,333850,38991,1
968,20743399,21077272,333873,39219,1
969,20763035,21096877,333842,39235,1
970,20782672,21116511,333839,39221,1
971,20802266,21136204,333938,39261,1
972,20821842,21155709,333867,39333,1
973,20841676,21175292,333616,39178,1
974,20861278,21195083,333805,39435,1
975,20880929,21214640,333711,39248,1
976,20900626,21234179,333553,39319,1
977,20920414,21253972,333558,39598,1
978,20940227,21273516,333289,39133,1
979,20959824,21293197,333373,39208,1
980,20979357,21312866,333509,39098,1
981,20998793,21332401,333608,39202,1
982,21018467,21351774,333307,38943,1
983,21038043,21371509,333466,39173,1
984,21057488,21390977,333489,39088,1
985,21077113,21410236,333123,38827,1
986,21096689,21430107,333418,39505,1
987,21116329,21449575,333246,39141,1
988,21136010,21468877,332867,38903,1
989,21155619,21488281,332662,39020,1
990,21175242,21507724,332482,39039,1
991,21194845,21526843,331998,38788,1
992,21214522,21546409,331887,39078,1
993,21234040,21566264,332224,39514,1
994,21253707,21585658,331951,39104,1
995,21273429,21605014,331585,38930,1
996,21293011,21624153,331142,38865,1
997,21312745,21643515,330770,38790,1
998,21332180,21662681,330501,38645,1
999,21351666,21681856,330190,38822,1
1000,21371319,21701130,329811,38769,1
